 GLOBAL TELECOMUNICATION SYSTEM DATA.
 NUMBER OF STATIONS= 800
 DATE= 2003/02/11
 TYPE= METAR
 ======================================================================================
 ID     COD LAT     LON      Z    Y  M D   UTCN UTC WD    WS  SLP    SFP     T     TDD
 ======================================================================================
 SAWH   512 -54.80  68.32    14.  3  2 11    0 21.0  20.  10. 9999.9 9999.9  15.0  10.0
 SAWH   512 -54.80  68.32    14.  3  2 11    0 22.0 290.   8. 9999.9 9999.9  15.0   9.0
 SAWH   512 -54.80  68.32    14.  3  2 11    0 23.0 160.   5. 9999.9 9999.9  14.0   7.0
 SAWH   512 -54.80  68.32    14.  3  2 11    0  0.0 160.   4. 9999.9 9999.9  12.0   5.0
 SAWE   512 -53.80  67.75    22.  3  2 11    0 21.0 320.  22. 9999.9 9999.9  10.0   1.0
 SAWE   512 -53.80  67.75    22.  3  2 11    0 22.0 320.  23. 9999.9 9999.9  12.0   2.0
 SAWE   512 -53.80  67.75    22.  3  2 11    0 23.0 320.  23. 9999.9 9999.9  12.0   2.0
 SAWE   512 -53.80  67.75    22.  3  2 11    0  0.0 320.  19. 9999.9 9999.9  12.0   2.0
 SAWE   512 -53.80  67.75    22.  3  2 11    0  1.0 270.  11. 9999.9 9999.9  10.0   1.0
 SAWE   512 -53.80  67.75    22.  3  2 11    0  2.0 270.  10. 9999.9 9999.9  10.0   0.0
 SCCI   512 -53.00  70.85    37.  3  2 11    0 21.0 290.  23. 9999.9 9999.9  16.0   9.0
 SCCI   512 -53.00  70.85    37.  3  2 11    0 22.0 300.  24. 9999.9 9999.9  16.0  10.0
 SCCI   512 -53.00  70.85    37.  3  2 11    0 23.0 310.  15. 9999.9 9999.9  15.0   8.0
 SCCI   512 -53.00  70.85    37.  3  2 11    0  0.0 320.  11. 9999.9 9999.9  14.0   8.0
 SCCI   512 -53.00  70.85    37.  3  2 11    0  1.0 310.   8. 9999.9 9999.9  12.0   6.0
 SCCI   512 -53.00  70.85    37.  3  2 11    0  2.0 320.  12. 9999.9 9999.9  11.0   6.0
 EGYP   512 -51.82  58.45    73.  3  2 11    0 21.8 330.  16. 9999.9 9999.9  14.0  11.0
 EGYP   512 -51.82  58.45    73.  3  2 11    0 22.8 340.  15. 9999.9 9999.9  13.0   9.0
 EGYP   512 -51.82  58.45    73.  3  2 11    0 23.8 360.  10. 9999.9 9999.9  11.0   6.0
 EGYP   512 -51.82  58.45    73.  3  2 11    0  0.8  10.  18. 9999.9 9999.9  10.0   3.0
 EGYP   512 -51.82  58.45    73.  3  2 11    0  1.8 360.  22. 9999.9 9999.9  10.0   3.0
 EGYP   512 -51.82  58.45    73.  3  2 11    0  2.8 360.  21. 9999.9 9999.9  10.0   1.0
 SAWG   512 -51.62  69.28    19.  3  2 11    0 21.0 320.  10. 9999.9 9999.9  22.0  21.0
 SAWG   512 -51.62  69.28    19.  3  2 11    0 22.0 230.  13. 9999.9 9999.9  22.0  27.0
 SAWG   512 -51.62  69.28    19.  3  2 11    0 23.0 230.   7. 9999.9 9999.9  21.0  19.0
 SAWG   512 -51.62  69.28    19.  3  2 11    0  0.0 230.   7. 9999.9 9999.9  19.0  14.0
 SAWG   512 -51.62  69.28    19.  3  2 11    0  1.0 230.   7. 9999.9 9999.9  18.0  12.0
 SAWG   512 -51.62  69.28    19.  3  2 11    0  2.0 250.   7. 9999.9 9999.9  16.0  10.0
 SAVC   512 -45.78  67.50    46.  3  2 11    0 21.0  50.  13. 9999.9 9999.9  23.0  16.0
 SAVC   512 -45.78  67.50    46.  3  2 11    0 22.0  50.  11. 9999.9 9999.9  23.0  16.0
 SAVC   512 -45.78  67.50    46.  3  2 11    0 23.0  50.   8. 9999.9 9999.9  22.0  15.0
 SAVC   512 -45.78  67.50    46.  3  2 11    0  0.0 110.   1. 9999.9 9999.9  21.0  11.0
 SAVC   512 -45.78  67.50    46.  3  2 11    0  1.0  70.   1. 9999.9 9999.9  20.0  11.0
 SAVC   512 -45.78  67.50    46.  3  2 11    0  2.0 270.   6. 9999.9 9999.9 999.9  99.9
 SAVT   512 -43.20  65.27    43.  3  2 11    0 22.0  20.  20. 9999.9 9999.9  29.0  27.0
 SAVT   512 -43.20  65.27    43.  3  2 11    0 23.0  20.  26. 9999.9 9999.9  26.0  19.0
 SAVT   512 -43.20  65.27    43.  3  2 11    0  0.0  20.  24. 9999.9 9999.9  21.0  14.0
 SAVT   512 -43.20  65.27    43.  3  2 11    0  1.0  20.  22. 9999.9 9999.9  20.0  14.0
 SAVT   512 -43.20  65.27    43.  3  2 11    0  2.0  20.  15. 9999.9 9999.9  19.0  11.0
 SAVE   512 -42.97  71.15   794.  3  2 11    0 21.0 270.  12. 9999.9 9999.9  25.0  32.0
 SAVE   512 -42.97  71.15   794.  3  2 11    0 22.0 270.  15. 9999.9 9999.9  23.0  29.0
 SAVE   512 -42.97  71.15   794.  3  2 11    0 23.0 270.  12. 9999.9 9999.9  22.0  25.0
 SAVE   512 -42.97  71.15   794.  3  2 11    0  0.0 250.  10. 9999.9 9999.9  19.0  23.0
 SAVE   512 -42.97  71.15   794.  3  2 11    0  1.0 250.  10. 9999.9 9999.9  17.0  21.0
 SAVE   512 -42.97  71.15   794.  3  2 11    0  2.0 250.   8. 9999.9 9999.9  15.0  18.0
 SCTE   512 -41.42  73.08    86.  3  2 11    0 21.0 120.  10. 9999.9 9999.9  18.0   7.0
 SCTE   512 -41.42  73.08    86.  3  2 11    0 22.0 140.   8. 9999.9 9999.9  17.0   7.0
 SCTE   512 -41.42  73.08    86.  3  2 11    0 23.0 150.   6. 9999.9 9999.9  16.0   6.0
 SCTE   512 -41.42  73.08    86.  3  2 11    0  0.0 210.   4. 9999.9 9999.9  14.0   4.0
 SCTE   512 -41.42  73.08    86.  3  2 11    0  1.0 210.   3. 9999.9 9999.9  12.0   2.0
 SCTE   512 -41.42  73.08    86.  3  2 11    0  2.0 210.   2. 9999.9 9999.9  11.0   1.0
 SAZS   512 -41.15  71.17   840.  3  2 11    0 21.0 270.  22. 9999.9 9999.9  27.0  24.0
 SAZS   512 -41.15  71.17   840.  3  2 11    0 22.0 270.  23. 9999.9 9999.9  25.0  21.0
 SAZS   512 -41.15  71.17   840.  3  2 11    0 23.0 290.  15. 9999.9 9999.9  23.0  18.0
 SAZS   512 -41.15  71.17   840.  3  2 11    0  0.0 290.  14. 9999.9 9999.9  19.0  12.0
 SAZS   512 -41.15  71.17   840.  3  2 11    0  1.0 290.   8. 9999.9 9999.9  17.0   9.0
 SAVV   512 -40.85  63.02     7.  3  2 11    0 21.0  70.  12. 9999.9 9999.9  27.0  23.0
 SAVV   512 -40.85  63.02     7.  3  2 11    0 22.0  50.  11. 9999.9 9999.9  25.0  20.0
 SAVV   512 -40.85  63.02     7.  3  2 11    0 23.0  70.  10. 9999.9 9999.9  23.0  17.0
 SAVV   512 -40.85  63.02     7.  3  2 11    0  0.0  50.   8. 9999.9 9999.9  21.0  15.0
 SAVV   512 -40.85  63.02     7.  3  2 11    0  1.0  50.   9. 9999.9 9999.9  19.0   8.0
 SAVV   512 -40.85  63.02     7.  3  2 11    0  2.0  50.  10. 9999.9 9999.9  18.0   7.0
 SAZN   512 -38.95  68.13   271.  3  2 11    0 21.0  70.   5. 9999.9 9999.9  34.0  24.0
 SAZN   512 -38.95  68.13   271.  3  2 11    0 22.0  70.   5. 9999.9 9999.9  34.0  26.0
 SAZN   512 -38.95  68.13   271.  3  2 11    0 23.0 110.   3. 9999.9 9999.9  32.0  20.0
 SAZN   512 -38.95  68.13   271.  3  2 11    0  0.0 110.   3. 9999.9 9999.9  29.0  16.0
 SAZN   512 -38.95  68.13   271.  3  2 11    0  1.0 320.  10. 9999.9 9999.9  26.0  12.0
 SAZN   512 -38.95  68.13   271.  3  2 11    0  2.0  20.   8. 9999.9 9999.9  26.0  13.0
 SAZB   512 -38.73  62.17    83.  3  2 11    0 21.0  90.  25. 9999.9 9999.9  26.0  18.0
 SAZB   512 -38.73  62.17    83.  3  2 11    0 22.0 110.  27. 9999.9 9999.9  24.0  15.0
 SAZB   512 -38.73  62.17    83.  3  2 11    0 23.0 110.  12. 9999.9 9999.9  22.0  13.0
 SAZB   512 -38.73  62.17    83.  3  2 11    0  1.0  90.  16. 9999.9 9999.9  18.0  11.0
 SAZB   512 -38.73  62.17    83.  3  2 11    0  2.0  90.  16. 9999.9 9999.9  16.0   9.0
 SAZM   512 -37.93  57.58    21.  3  2 11    0 21.0 180.   9. 9999.9 9999.9  19.0   3.0
 SAZM   512 -37.93  57.58    21.  3  2 11    0 22.0 160.  11. 9999.9 9999.9  19.0   3.0
 SAZM   512 -37.93  57.58    21.  3  2 11    0  0.0 160.   9. 9999.9 9999.9  19.0   2.0
 SAZM   512 -37.93  57.58    21.  3  2 11    0  1.0 160.  10. 9999.9 9999.9  19.0   1.0
 SCIE   512 -36.77  73.05    16.  3  2 11    0 21.0 240.  11. 9999.9 9999.9  24.0  11.0
 SCIE   512 -36.77  73.05    16.  3  2 11    0 22.0 240.  11. 9999.9 9999.9  22.0   9.0
 SCIE   512 -36.77  73.05    16.  3  2 11    0 23.0 230.  11. 9999.9 9999.9  21.0   9.0
 SCIE   512 -36.77  73.05    16.  3  2 11    0  0.0 230.  12. 9999.9 9999.9  18.0   6.0
 SCIE   512 -36.77  73.05    16.  3  2 11    0  1.0 240.  12. 9999.9 9999.9  17.0   6.0
 SCIE   512 -36.77  73.05    16.  3  2 11    0  2.0 220.  12. 9999.9 9999.9  16.0   5.0
 SAZR   512 -36.57  64.27   191.  3  2 11    0 21.0  90.  11. 9999.9 9999.9  31.0  19.0
 SAZR   512 -36.57  64.27   191.  3  2 11    0 22.0  90.  12. 9999.9 9999.9  30.0  20.0
 SAZR   512 -36.57  64.27   191.  3  2 11    0 23.0  70.   7. 9999.9 9999.9  28.0  17.0
 SAZR   512 -36.57  64.27   191.  3  2 11    0  0.0  70.   4. 9999.9 9999.9  26.0  12.0
 SAZR   512 -36.57  64.27   191.  3  2 11    0  1.0 360.   2. 9999.9 9999.9  24.0  11.0
 SAZR   512 -36.57  64.27   191.  3  2 11    0  2.0 360.   0. 9999.9 9999.9  22.0   9.0
 SULS   512 -34.87  55.10    30.  3  2 11    0 21.0 140.  10. 9999.9 9999.9  26.0   6.0
 SULS   512 -34.87  55.10    30.  3  2 11    0 22.0 130.   8. 9999.9 9999.9  25.0   5.0
 SULS   512 -34.87  55.10    30.  3  2 11    0 23.0 130.   6. 9999.9 9999.9  24.0   3.0
 SULS   512 -34.87  55.10    30.  3  2 11    0  1.0  90.   8. 9999.9 9999.9  23.0   2.0
 SULS   512 -34.87  55.10    30.  3  2 11    0  2.0  90.   8. 9999.9 9999.9  23.0   2.0
 SUMU   512 -34.83  56.00    32.  3  2 11    0 21.0 140.  11. 9999.9 9999.9  24.0   5.0
 SUMU   512 -34.83  56.00    32.  3  2 11    0 22.0 140.   9. 9999.9 9999.9  24.0   3.0
 SUMU   512 -34.83  56.00    32.  3  2 11    0 23.0 120.  10. 9999.9 9999.9  24.0   3.0
 SUMU   512 -34.83  56.00    32.  3  2 11    0  0.0 120.   9. 9999.9 9999.9  24.0   3.0
 SUMU   512 -34.83  56.00    32.  3  2 11    0  1.0 120.   8. 9999.9 9999.9  23.0   3.0
 SUMU   512 -34.83  56.00    32.  3  2 11    0  2.0 120.   8. 9999.9 9999.9  23.0   3.0
 SAEZ   512 -34.82  58.53    20.  3  2 11    0 21.0 140.   9. 9999.9 9999.9  24.0   5.0
 SAEZ   512 -34.82  58.53    20.  3  2 11    0 22.0 140.   9. 9999.9 9999.9  24.0   5.0
 SAEZ   512 -34.82  58.53    20.  3  2 11    0 23.0 110.  11. 9999.9 9999.9  23.0   4.0
 SAEZ   512 -34.82  58.53    20.  3  2 11    0  0.0 110.   8. 9999.9 9999.9  22.0   4.0
 SAEZ   512 -34.82  58.53    20.  3  2 11    0  0.6 110.   9. 9999.9 9999.9  22.0   4.0
 SAEZ   512 -34.82  58.53    20.  3  2 11    0  1.0 140.   9. 9999.9 9999.9  21.0   2.0
 SAEZ   512 -34.82  58.53    20.  3  2 11    0  2.0 110.   6. 9999.9 9999.9  22.0   2.0
 SAEZ   512 -34.82  58.53    20.  3  2 11    0  2.2 110.   7. 9999.9 9999.9  22.0   2.0
 SAEZ   512 -34.82  58.53    20.  3  2 11    0  2.5 110.   6. 9999.9 9999.9  22.0   2.0
 SUAA   512 -34.78  56.25    54.  3  2 11    0 21.0 140.   8. 9999.9 9999.9  26.0   6.0
 SUAA   512 -34.78  56.25    54.  3  2 11    0 22.0 130.  10. 9999.9 9999.9  25.0   5.0
 SUAA   512 -34.78  56.25    54.  3  2 11    0 23.0 110.   5. 9999.9 9999.9  25.0   5.0
 SUAA   512 -34.78  56.25    54.  3  2 11    0  0.0 110.  10. 9999.9 9999.9  22.0   2.0
 SADP   512 -34.60  58.60    12.  3  2 11    0 21.0 140.  11. 9999.9 9999.9  25.0   5.0
 SADP   512 -34.60  58.60    12.  3  2 11    0 22.0 140.  11. 9999.9 9999.9  25.0   3.0
 SADP   512 -34.60  58.60    12.  3  2 11    0 23.0 140.  13. 9999.9 9999.9  24.0   4.0
 SADP   512 -34.60  58.60    12.  3  2 11    0  0.0 140.  10. 9999.9 9999.9  23.0  -6.0
 SAMR   512 -34.58  68.40   748.  3  2 11    0 21.0 360.   0. 9999.9 9999.9  24.0   8.0
 SAMR   512 -34.58  68.40   748.  3  2 11    0 22.0  50.   8. 9999.9 9999.9  25.0   9.0
 SAMR   512 -34.58  68.40   748.  3  2 11    0 23.0  50.   4. 9999.9 9999.9  25.0  10.0
 SAMR   512 -34.58  68.40   748.  3  2 11    0  1.0 140.   8. 9999.9 9999.9  21.0   7.0
 SAMR   512 -34.58  68.40   748.  3  2 11    0  2.0 140.   8. 9999.9 9999.9  19.0   4.0
 SABE   512 -34.57  58.42     6.  3  2 11    0 21.0 140.  16. 9999.9 9999.9  26.0   8.0
 SABE   512 -34.57  58.42     6.  3  2 11    0 22.0 140.  11. 9999.9 9999.9  25.0   8.0
 SABE   512 -34.57  58.42     6.  3  2 11    0 23.0 140.  16. 9999.9 9999.9  25.0   7.0
 SABE   512 -34.57  58.42     6.  3  2 11    0  0.0 140.  13. 9999.9 9999.9  24.0   8.0
 SABE   512 -34.57  58.42     6.  3  2 11    0  1.0 140.  14. 9999.9 9999.9  23.0   5.0
 SABE   512 -34.57  58.42     6.  3  2 11    0  2.0 140.  15. 9999.9 9999.9  23.0   2.0
 SABE   512 -34.57  58.42     6.  3  2 11    0  2.3 140.  17. 9999.9 9999.9  23.0   2.0
 SAAJ   512 -34.55  60.95    81.  3  2 11    0 21.0 160.   3. 9999.9 9999.9  25.0   5.0
 SAAJ   512 -34.55  60.95    81.  3  2 11    0 22.0  70.  11. 9999.9 9999.9  22.0   3.0
 SAAJ   512 -34.55  60.95    81.  3  2 11    0 23.0 360.   0. 9999.9 9999.9  21.0   1.0
 SAAJ   512 -34.55  60.95    81.  3  2 11    0  0.0 360.   0. 9999.9 9999.9  21.0   1.0
 SAAJ   512 -34.55  60.95    81.  3  2 11    0  1.0 200.   3. 9999.9 9999.9  22.0   2.0
 SAAJ   512 -34.55  60.95    81.  3  2 11    0  2.0 360.   0. 9999.9 9999.9  21.0   2.0
 SADD   512 -34.48  58.62     4.  3  2 11    0 21.0 140.  13. 9999.9 9999.9  25.0   6.0
 SADD   512 -34.48  58.62     4.  3  2 11    0 22.0 140.   5. 9999.9 9999.9  25.0   7.0
 SADD   512 -34.48  58.62     4.  3  2 11    0 23.0 140.  10. 9999.9 9999.9  24.0   5.0
 SADD   512 -34.48  58.62     4.  3  2 11    0  0.0 140.  10. 9999.9 9999.9  23.0   4.0
 SUCA   512 -34.45  57.83    23.  3  2 11    0 21.0 150.  16. 9999.9 9999.9  26.0   3.0
 SUCA   512 -34.45  57.83    23.  3  2 11    0 22.0 150.  16. 9999.9 9999.9  25.0   3.0
 SUCA   512 -34.45  57.83    23.  3  2 11    0 23.0 140.  18. 9999.9 9999.9  28.0   6.0
 SUCA   512 -34.45  57.83    23.  3  2 11    0  0.0 140.  18. 9999.9 9999.9  24.0   3.0
 SAOR   512 -33.73  65.38   486.  3  2 11    0 21.0  70.  10. 9999.9 9999.9  30.0  13.0
 SAOR   512 -33.73  65.38   486.  3  2 11    0 22.0  90.  12. 9999.9 9999.9  28.0  11.0
 SAOR   512 -33.73  65.38   486.  3  2 11    0 23.0  90.  13. 9999.9 9999.9  26.0   9.0
 SAOR   512 -33.73  65.38   486.  3  2 11    0  0.0  90.   8. 9999.9 9999.9  23.0   5.0
 SAOR   512 -33.73  65.38   486.  3  2 11    0  1.0  90.   5. 9999.9 9999.9  21.0   2.0
 SAOR   512 -33.73  65.38   486.  3  2 11    0  2.0  50.   4. 9999.9 9999.9  20.0   1.0
 SCEL   512 -33.38  70.78   476.  3  2 11    0 21.0 210.  15. 9999.9 9999.9  26.0  14.0
 SCEL   512 -33.38  70.78   476.  3  2 11    0 22.0 210.  15. 9999.9 9999.9  25.0  13.0
 SCEL   512 -33.38  70.78   476.  3  2 11    0 23.0 200.  11. 9999.9 9999.9  24.0  13.0
 SCEL   512 -33.38  70.78   476.  3  2 11    0  0.0 170.   9. 9999.9 9999.9  22.0  11.0
 SCEL   512 -33.38  70.78   476.  3  2 11    0  1.0 150.  10. 9999.9 9999.9  20.0   9.0
 SCEL   512 -33.38  70.78   476.  3  2 11    0  2.0 150.   9. 9999.9 9999.9  18.0   7.0
 SUDU   512 -33.35  56.50    93.  3  2 11    0 22.0 100.   8. 9999.9 9999.9  29.0   9.0
 SUDU   512 -33.35  56.50    93.  3  2 11    0 23.0 110.  10. 9999.9 9999.9  27.0   8.0
 SUDU   512 -33.35  56.50    93.  3  2 11    0  0.0  90.   6. 9999.9 9999.9  26.0   6.0
 SUDU   512 -33.35  56.50    93.  3  2 11    0  1.0 120.  11. 9999.9 9999.9  25.0   5.0
 SUDU   512 -33.35  56.50    93.  3  2 11    0  2.0 120.  12. 9999.9 9999.9  25.0   5.0
 SAOU   512 -33.27  66.35   702.  3  2 11    0 21.0 180.   6. 9999.9 9999.9  28.0  13.0
 SAOU   512 -33.27  66.35   702.  3  2 11    0 22.0 140.   8. 9999.9 9999.9  29.0  14.0
 SAOU   512 -33.27  66.35   702.  3  2 11    0 23.0 140.   6. 9999.9 9999.9  27.0  11.0
 SAOU   512 -33.27  66.35   702.  3  2 11    0  0.0 110.   6. 9999.9 9999.9  26.0  12.0
 SAOU   512 -33.27  66.35   702.  3  2 11    0  1.0 140.  10. 9999.9 9999.9  24.0   9.0
 SAOU   512 -33.27  66.35   702.  3  2 11    0  2.0  90.  10. 9999.9 9999.9  23.0   8.0
 SAOC   512 -33.12  64.23   421.  3  2 11    0 21.0 160.   8. 9999.9 9999.9  27.0   9.0
 SAOC   512 -33.12  64.23   421.  3  2 11    0 22.0 140.  10. 9999.9 9999.9  26.0   7.0
 SAOC   512 -33.12  64.23   421.  3  2 11    0 23.0 140.   8. 9999.9 9999.9  23.0   5.0
 SAOC   512 -33.12  64.23   421.  3  2 11    0  0.0 140.   6. 9999.9 9999.9  21.0   2.0
 SAOC   512 -33.12  64.23   421.  3  2 11    0  1.0 140.   6. 9999.9 9999.9  21.0   3.0
 SAOC   512 -33.12  64.23   421.  3  2 11    0  2.0  50.   4. 9999.9 9999.9  21.0   3.0
 SAAR   512 -32.92  60.78    25.  3  2 11    0 21.0 160.  10. 9999.9 9999.9  25.0   5.0
 SAAR   512 -32.92  60.78    25.  3  2 11    0 22.0 160.  10. 9999.9 9999.9  23.0   3.0
 SAAR   512 -32.92  60.78    25.  3  2 11    0 23.0 160.   6. 9999.9 9999.9  23.0   3.0
 SAAR   512 -32.92  60.78    25.  3  2 11    0  0.0 160.   6. 9999.9 9999.9  22.0   3.0
 SAAR   512 -32.92  60.78    25.  3  2 11    0  1.0 160.   4. 9999.9 9999.9  22.0   3.0
 SAAR   512 -32.92  60.78    25.  3  2 11    0  2.0 200.   5. 9999.9 9999.9  21.0   2.0
 SAME   512 -32.83  68.78   704.  3  2 11    0 21.0  90.   6. 9999.9 9999.9  31.0  18.0
 SAME   512 -32.83  68.78   704.  3  2 11    0 22.0 110.   7. 9999.9 9999.9  30.0  16.0
 SAME   512 -32.83  68.78   704.  3  2 11    0 23.0 160.   6. 9999.9 9999.9  26.0  12.0
 SAME   512 -32.83  68.78   704.  3  2 11    0  0.0 180.   6. 9999.9 9999.9  26.0  12.0
 SAME   512 -32.83  68.78   704.  3  2 11    0  1.0 180.   6. 9999.9 9999.9  26.0  12.0
 SAME   512 -32.83  68.78   704.  3  2 11    0  2.0 140.   6. 9999.9 9999.9  25.0  11.0
 SAAP   512 -31.78  60.48    78.  3  2 11    0 21.0  50.   4. 9999.9 9999.9  20.0   1.0
 SAAP   512 -31.78  60.48    78.  3  2 11    0 22.0 180.   8. 9999.9 9999.9  21.0   2.0
 SAAP   512 -31.78  60.48    78.  3  2 11    0 23.0 140.   4. 9999.9 9999.9  21.0   2.0
 SAAP   512 -31.78  60.48    78.  3  2 11    0  0.0 360.   0. 9999.9 9999.9  21.0   1.0
 SAAP   512 -31.78  60.48    78.  3  2 11    0  1.0 360.   0. 9999.9 9999.9  21.0   1.0
 SAAP   512 -31.78  60.48    78.  3  2 11    0  2.0 360.   0. 9999.9 9999.9  21.0   1.0
 SAAV   512 -31.70  60.82    18.  3  2 11    0 21.0 200.  10. 9999.9 9999.9  24.0   3.0
 SAAV   512 -31.70  60.82    18.  3  2 11    0 22.0 360.   0. 9999.9 9999.9  24.0   3.0
 SANU   512 -31.57  68.42   598.  3  2 11    0 21.0 160.   8. 9999.9 9999.9  33.0  23.0
 SANU   512 -31.57  68.42   598.  3  2 11    0 22.0 160.   7. 9999.9 9999.9  33.0  23.0
 SANU   512 -31.57  68.42   598.  3  2 11    0 23.0 180.   9. 9999.9 9999.9  32.0  23.0
 SANU   512 -31.57  68.42   598.  3  2 11    0  0.0 200.   6. 9999.9 9999.9  27.0  15.0
 SANU   512 -31.57  68.42   598.  3  2 11    0  1.0 180.   7. 9999.9 9999.9  26.0  14.0
 SANU   512 -31.57  68.42   598.  3  2 11    0  2.0 200.  11. 9999.9 9999.9  27.0  16.0
 SBBG   512 -31.35  54.12   180.  3  2 11    0 22.0 140.   8. 9999.9 9999.9  29.0   5.0
 SBBG   512 -31.35  54.12   180.  3  2 11    0 23.0 110.  14. 9999.9 9999.9  27.0   4.0
 SACO   512 -31.32  64.22   474.  3  2 11    0 21.0 160.  11. 9999.9 9999.9  27.0  11.0
 SACO   512 -31.32  64.22   474.  3  2 11    0 22.0 140.   7. 9999.9 9999.9  26.0   8.0
 SACO   512 -31.32  64.22   474.  3  2 11    0 23.0 110.   6. 9999.9 9999.9  24.0   5.0
 SACO   512 -31.32  64.22   474.  3  2 11    0  0.0  70.   3. 9999.9 9999.9  23.0   4.0
 SACO   512 -31.32  64.22   474.  3  2 11    0  1.0 200.   3. 9999.9 9999.9  22.0   4.0
 SACO   512 -31.32  64.22   474.  3  2 11    0  2.0 230.   3. 9999.9 9999.9  22.0   3.0
 SAAC   512 -31.30  58.02    38.  3  2 11    0 21.0 140.  10. 9999.9 9999.9  23.0   3.0
 SAAC   512 -31.30  58.02    38.  3  2 11    0 22.0  50.   2. 9999.9 9999.9  23.0   1.0
 SAAC   512 -31.30  58.02    38.  3  2 11    0 23.0 360.   0. 9999.9 9999.9  23.0   1.0
 SAAC   512 -31.30  58.02    38.  3  2 11    0  0.0 200.  10. 9999.9 9999.9  22.0   1.0
 SAAC   512 -31.30  58.02    38.  3  2 11    0  1.0 360.   0. 9999.9 9999.9  22.0   1.0
 SAAC   512 -31.30  58.02    38.  3  2 11    0  2.0 360.   0. 9999.9 9999.9  22.0   1.0
 SBPA   512 -30.00  51.18     3.  3  2 11    0 21.0 150.   9. 9999.9 9999.9  29.0   4.0
 SBPA   512 -30.00  51.18     3.  3  2 11    0 22.0 140.   8. 9999.9 9999.9  28.0   3.0
 SBPA   512 -30.00  51.18     3.  3  2 11    0 23.0 130.   9. 9999.9 9999.9  27.0   2.0
 SBPA   512 -30.00  51.18     3.  3  2 11    0  0.0 100.   8. 9999.9 9999.9  27.0   1.0
 SBPA   512 -30.00  51.18     3.  3  2 11    0  1.0 120.  10. 9999.9 9999.9  26.0   1.0
 SBPA   512 -30.00  51.18     3.  3  2 11    0  2.0 110.   8. 9999.9 9999.9  26.0   1.0
 SARL   512 -29.68  57.15    70.  3  2 11    0 21.0  90.   4. 9999.9 9999.9  28.0   3.0
 SARL   512 -29.68  57.15    70.  3  2 11    0 22.0 180.  23. 9999.9 9999.9  23.0   1.0
 SARL   512 -29.68  57.15    70.  3  2 11    0 23.0 180.  23. 9999.9 9999.9  22.0   1.0
 SARL   512 -29.68  57.15    70.  3  2 11    0  0.0 180.  16. 9999.9 9999.9  22.0   1.0
 SARL   512 -29.68  57.15    70.  3  2 11    0  1.0 140.  19. 9999.9 9999.9  23.0   1.0
 SARL   512 -29.68  57.15    70.  3  2 11    0  2.0 140.  21. 9999.9 9999.9  23.0   2.0
 SANL   512 -29.38  66.82   429.  3  2 11    0 21.0 140.   6. 9999.9 9999.9  30.0   9.0
 SANL   512 -29.38  66.82   429.  3  2 11    0 22.0 140.   7. 9999.9 9999.9  29.0   9.0
 SANL   512 -29.38  66.82   429.  3  2 11    0 23.0 140.   4. 9999.9 9999.9  28.0   8.0
 SANL   512 -29.38  66.82   429.  3  2 11    0  1.0 360.   0. 9999.9 9999.9  26.0   5.0
 SANL   512 -29.38  66.82   429.  3  2 11    0  2.0 360.   0. 9999.9 9999.9  25.0   4.0
 SANC   512 -28.60  65.77   454.  3  2 11    0 21.0 230.  14. 9999.9 9999.9  32.0  14.0
 SANC   512 -28.60  65.77   454.  3  2 11    0 22.0 230.  12. 9999.9 9999.9  31.0  12.0
 SANC   512 -28.60  65.77   454.  3  2 11    0 23.0 140.  10. 9999.9 9999.9  28.0  10.0
 SANC   512 -28.60  65.77   454.  3  2 11    0  0.0 140.   8. 9999.9 9999.9  27.0   9.0
 SANC   512 -28.60  65.77   454.  3  2 11    0  2.0  90.   6. 9999.9 9999.9  26.0   7.0
 SANE   512 -27.77  64.30   199.  3  2 11    0 21.0 110.  11. 9999.9 9999.9  30.0  11.0
 SANE   512 -27.77  64.30   199.  3  2 11    0 22.0 110.  13. 9999.9 9999.9  29.0   8.0
 SANE   512 -27.77  64.30   199.  3  2 11    0 23.0 140.   6. 9999.9 9999.9  28.0   7.0
 SANE   512 -27.77  64.30   199.  3  2 11    0  1.0 160.   5. 9999.9 9999.9  26.0   6.0
 SANE   512 -27.77  64.30   199.  3  2 11    0  2.0 180.   7. 9999.9 9999.9  24.0   3.0
 SBFL   512 -27.67  48.55     5.  3  2 11    0 21.0 130.   6. 9999.9 9999.9  26.0   3.0
 SBFL   512 -27.67  48.55     5.  3  2 11    0 21.3 140.   4. 9999.9 9999.9  24.0   1.0
 SBFL   512 -27.67  48.55     5.  3  2 11    0 22.0 110.   3. 9999.9 9999.9  24.0   1.0
 SBFL   512 -27.67  48.55     5.  3  2 11    0 23.0  80.   3. 9999.9 9999.9  24.0   1.0
 SBFL   512 -27.67  48.55     5.  3  2 11    0  0.0 360.   0. 9999.9 9999.9  25.0   1.0
 SBFL   512 -27.67  48.55     5.  3  2 11    0  1.0 360.   0. 9999.9 9999.9  25.0   1.0
 SBFL   512 -27.67  48.55     5.  3  2 11    0  2.0 230.   2. 9999.9 9999.9  25.0   2.0
 SARE   512 -27.45  59.05    52.  3  2 11    0 21.0 180.  13. 9999.9 9999.9  22.0   0.0
 SARE   512 -27.45  59.05    52.  3  2 11    0 22.0 110.   6. 9999.9 9999.9  22.0   1.0
 SARE   512 -27.45  59.05    52.  3  2 11    0 23.0 140.   6. 9999.9 9999.9  22.0   1.0
 SARE   512 -27.45  59.05    52.  3  2 11    0  0.0 140.   4. 9999.9 9999.9  22.0   1.0
 SARE   512 -27.45  59.05    52.  3  2 11    0  1.0  20.   2. 9999.9 9999.9  22.0   1.0
 SARE   512 -27.45  59.05    52.  3  2 11    0  2.0  50.   3. 9999.9 9999.9  22.0   1.0
 SARC   512 -27.45  58.77    62.  3  2 11    0 21.2 200.  10. 9999.9 9999.9  23.0   1.0
 SARC   512 -27.45  58.77    62.  3  2 11    0 22.0  90.   7. 9999.9 9999.9  23.0   1.0
 SARC   512 -27.45  58.77    62.  3  2 11    0 23.0 180.   6. 9999.9 9999.9  22.0   1.0
 SARC   512 -27.45  58.77    62.  3  2 11    0  0.0 140.   3. 9999.9 9999.9  22.0   1.0
 SARC   512 -27.45  58.77    62.  3  2 11    0  1.0  50.   3. 9999.9 9999.9  22.0   1.0
 SARC   512 -27.45  58.77    62.  3  2 11    0  2.0  50.   3. 9999.9 9999.9  22.0   1.0
 SARP   512 -27.37  55.97   125.  3  2 11    0 21.0 250.  21. 9999.9 9999.9  26.0   6.0
 SARP   512 -27.37  55.97   125.  3  2 11    0 22.0 290.   6. 9999.9 9999.9  25.0   4.0
 SARP   512 -27.37  55.97   125.  3  2 11    0 23.0 290.  15. 9999.9 9999.9  24.0   2.0
 SARP   512 -27.37  55.97   125.  3  2 11    0  0.0 290.  11. 9999.9 9999.9  23.0   1.0
 SARP   512 -27.37  55.97   125.  3  2 11    0  1.0 360.   6. 9999.9 9999.9  23.0   1.0
 SARP   512 -27.37  55.97   125.  3  2 11    0  2.0 360.   6. 9999.9 9999.9  22.0   1.0
 SANT   512 -26.85  65.10   450.  3  2 11    0 21.0 180.   6. 9999.9 9999.9  31.0  10.0
 SANT   512 -26.85  65.10   450.  3  2 11    0 22.0 180.   4. 9999.9 9999.9  30.0   8.0
 SANT   512 -26.85  65.10   450.  3  2 11    0 23.0 230.   8. 9999.9 9999.9  28.0   6.0
 SANT   512 -26.85  65.10   450.  3  2 11    0  0.0  90.  10. 9999.9 9999.9  26.0   5.0
 SANT   512 -26.85  65.10   450.  3  2 11    0  1.0  50.  10. 9999.9 9999.9  25.0   5.0
 SANT   512 -26.85  65.10   450.  3  2 11    0  2.0 360.   0. 9999.9 9999.9  25.0   4.0
 SARF   512 -26.20  58.23    60.  3  2 11    0 21.0 180.   5. 9999.9 9999.9  24.0   1.0
 SARF   512 -26.20  58.23    60.  3  2 11    0 22.0 110.   4. 9999.9 9999.9  24.0   1.0
 SARF   512 -26.20  58.23    60.  3  2 11    0 23.0 140.   4. 9999.9 9999.9  24.0   2.0
 SARF   512 -26.20  58.23    60.  3  2 11    0  0.0 110.   9. 9999.9 9999.9  24.0   2.0
 SARF   512 -26.20  58.23    60.  3  2 11    0  1.0  90.   8. 9999.9 9999.9  23.0   1.0
 SARF   512 -26.20  58.23    60.  3  2 11    0  2.0  50.   8. 9999.9 9999.9  23.0   1.0
 SARI   512 -25.73  54.47   270.  3  2 11    0 21.0  50.   4. 9999.9 9999.9  28.0   7.0
 SARI   512 -25.73  54.47   270.  3  2 11    0 22.0 360.   0. 9999.9 9999.9  26.0   5.0
 SARI   512 -25.73  54.47   270.  3  2 11    0 23.0 360.   0. 9999.9 9999.9  25.0   1.0
 SARI   512 -25.73  54.47   270.  3  2 11    0  0.0 320.  10. 9999.9 9999.9  25.0   1.0
 SARI   512 -25.73  54.47   270.  3  2 11    0  1.0 320.  10. 9999.9 9999.9  23.0   0.0
 SARI   512 -25.73  54.47   270.  3  2 11    0  2.0 320.   8. 9999.9 9999.9  21.0   0.0
 SBFI   512 -25.52  54.58   243.  3  2 11    0 21.0  20.   7. 9999.9 9999.9  28.0   5.0
 SBFI   512 -25.52  54.58   243.  3  2 11    0 22.0  10.   4. 9999.9 9999.9  27.0   4.0
 SBFI   512 -25.52  54.58   243.  3  2 11    0 23.0 360.   0. 9999.9 9999.9  26.0   2.0
 SBFI   512 -25.52  54.58   243.  3  2 11    0  0.0  70.   2. 9999.9 9999.9  26.0   2.0
 SBFI   512 -25.52  54.58   243.  3  2 11    0  1.0 170.   4. 9999.9 9999.9  22.0   2.0
 SBFI   512 -25.52  54.58   243.  3  2 11    0  2.0 160.   4. 9999.9 9999.9  22.0   2.0
 SBCT   512 -25.52  49.17   908.  3  2 11    0 21.0 310.   6. 9999.9 9999.9  24.0   5.0
 SBCT   512 -25.52  49.17   908.  3  2 11    0 22.0 290.   7. 9999.9 9999.9  22.0   4.0
 SBCT   512 -25.52  49.17   908.  3  2 11    0 23.0 310.   3. 9999.9 9999.9  22.0   4.0
 SBCT   512 -25.52  49.17   908.  3  2 11    0  0.0  30.   8. 9999.9 9999.9  21.0   3.0
 SBCT   512 -25.52  49.17   908.  3  2 11    0  1.0  40.   4. 9999.9 9999.9  21.0   3.0
 SBCT   512 -25.52  49.17   908.  3  2 11    0  2.0  80.   3. 9999.9 9999.9  21.0   1.0
 SGES   512 -25.45  54.85   849.  3  2 11    0 23.0  50.   4. 9999.9 9999.9  26.0   3.0
 SGES   512 -25.45  54.85   849.  3  2 11    0  0.0  30.   3. 9999.9 9999.9  26.0   3.0
 SGES   512 -25.45  54.85   849.  3  2 11    0  2.0 240.  14. 9999.9 9999.9  22.0   2.0
 SGAS   512 -25.27  57.63   101.  3  2 11    0 23.0 110.  15. 9999.9 9999.9  24.0   2.0
 SGAS   512 -25.27  57.63   101.  3  2 11    0  0.0 340.  14. 9999.9 9999.9  24.0   2.0
 SGAS   512 -25.27  57.63   101.  3  2 11    0  0.5 110.   6. 9999.9 9999.9 999.9  99.9
 SGAS   512 -25.27  57.63   101.  3  2 11    0  1.0  90.  14. 9999.9 9999.9  23.0   1.0
 SGAS   512 -25.27  57.63   101.  3  2 11    0  2.0  90.   5. 9999.9 9999.9  23.0   1.0
 SGAS   512 -25.27  57.63   101.  3  2 11    0  2.6 320.  18. 9999.9 9999.9 999.9  99.9
 SASA   512 -24.85  65.48  1216.  3  2 11    0 21.0 290.   5. 9999.9 9999.9  23.0   2.0
 SASA   512 -24.85  65.48  1216.  3  2 11    0 21.2 320.   6. 9999.9 9999.9  23.0   2.0
 SASA   512 -24.85  65.48  1216.  3  2 11    0 22.0 360.  10. 9999.9 9999.9  23.0   3.0
 SASA   512 -24.85  65.48  1216.  3  2 11    0 23.0  20.   3. 9999.9 9999.9  22.0   2.0
 SASA   512 -24.85  65.48  1216.  3  2 11    0  0.0  90.   3. 9999.9 9999.9  21.0   2.0
 SASA   512 -24.85  65.48  1216.  3  2 11    0  1.0 140.   5. 9999.9 9999.9  22.0   2.0
 SASA   512 -24.85  65.48  1216.  3  2 11    0  2.0 360.   0. 9999.9 9999.9  22.0   2.0
 SASJ   512 -24.38  65.08  1167.  3  2 11    0 21.0  90.   6. 9999.9 9999.9  30.0   9.0
 SASJ   512 -24.38  65.08  1167.  3  2 11    0 22.0 180.  12. 9999.9 9999.9  23.0   1.0
 SASJ   512 -24.38  65.08  1167.  3  2 11    0 23.0 270.   3. 9999.9 9999.9  24.0   3.0
 SASJ   512 -24.38  65.08  1167.  3  2 11    0  0.0 270.   4. 9999.9 9999.9  23.0   2.0
 SASJ   512 -24.38  65.08  1167.  3  2 11    0  1.0 360.   0. 9999.9 9999.9  24.0   4.0
 SASJ   512 -24.38  65.08  1167.  3  2 11    0  2.0 180.   6. 9999.9 9999.9  22.0   1.0
 SBSP   512 -23.62  46.65   803.  3  2 11    0 21.0 210.  12. 9999.9 9999.9  30.0   8.0
 SBSP   512 -23.62  46.65   803.  3  2 11    0 22.0 200.   5. 9999.9 9999.9  28.0   5.0
 SBSP   512 -23.62  46.65   803.  3  2 11    0 22.6 180.  12. 9999.9 9999.9  25.0   3.0
 SBSP   512 -23.62  46.65   803.  3  2 11    0 23.0 160.  11. 9999.9 9999.9  26.0   3.0
 SBSP   512 -23.62  46.65   803.  3  2 11    0 23.2 220.  12. 9999.9 9999.9  26.0   5.0
 SBSP   512 -23.62  46.65   803.  3  2 11    0  0.0 180.   8. 9999.9 9999.9  26.0   2.0
 SBSP   512 -23.62  46.65   803.  3  2 11    0  0.1  90.  15. 9999.9 9999.9  25.0   2.0
 SBSP   512 -23.62  46.65   803.  3  2 11    0  0.4 250.  12. 9999.9 9999.9  24.0   2.0
 SBSP   512 -23.62  46.65   803.  3  2 11    0  1.0 200.   8. 9999.9 9999.9  24.0   2.0
 SBSP   512 -23.62  46.65   803.  3  2 11    0  2.0 270.   8. 9999.9 9999.9  24.0   3.0
 SCFA   512 -23.43  70.43   120.  3  2 11    0 21.0 190.  13. 9999.9 9999.9  22.0   5.0
 SCFA   512 -23.43  70.43   120.  3  2 11    0 22.0 200.  11. 9999.9 9999.9  22.0   5.0
 SCFA   512 -23.43  70.43   120.  3  2 11    0 23.0 190.   8. 9999.9 9999.9  21.0   4.0
 SCFA   512 -23.43  70.43   120.  3  2 11    0  0.0 200.   7. 9999.9 9999.9  20.0   3.0
 SCFA   512 -23.43  70.43   120.  3  2 11    0  1.0 210.   4. 9999.9 9999.9  20.0   3.0
 SCFA   512 -23.43  70.43   120.  3  2 11    0  2.0 200.   5. 9999.9 9999.9  20.0   3.0
 SBGR   512 -23.43  46.47   750.  3  2 11    0 21.0 180.   4. 9999.9 9999.9  31.0  11.0
 SBGR   512 -23.43  46.47   750.  3  2 11    0 22.0 160.   5. 9999.9 9999.9  29.0   9.0
 SBGR   512 -23.43  46.47   750.  3  2 11    0 23.0 160.   4. 9999.9 9999.9  27.0   5.0
 SBGR   512 -23.43  46.47   750.  3  2 11    0  0.0 160.   3. 9999.9 9999.9  27.0   5.0
 SBGR   512 -23.43  46.47   750.  3  2 11    0  1.0 160.   5. 9999.9 9999.9  26.0   4.0
 SBGR   512 -23.43  46.47   750.  3  2 11    0  2.0 220.   4. 9999.9 9999.9  26.0   3.0
 SBLO   512 -23.33  51.13   570.  3  2 11    0 21.0 180.   6. 9999.9 9999.9 999.9  99.9
 SBLO   512 -23.33  51.13   570.  3  2 11    0 21.7 140.   6. 9999.9 9999.9  23.0   0.0
 SBLO   512 -23.33  51.13   570.  3  2 11    0 22.5 210.   4. 9999.9 9999.9  22.0   0.0
 SBLO   512 -23.33  51.13   570.  3  2 11    0  0.0 270.   6. 9999.9 9999.9  23.0   0.0
 SBLO   512 -23.33  51.13   570.  3  2 11    0  1.0 270.   2. 9999.9 9999.9  23.0   0.0
 SBLO   512 -23.33  51.13   570.  3  2 11    0  2.0 300.   8. 9999.9 9999.9  23.0   1.0
 SBKP   512 -23.00  47.13   661.  3  2 11    0 21.0 300.   6. 9999.9 9999.9  33.0  17.0
 SBKP   512 -23.00  47.13   661.  3  2 11    0 22.0 320.   4. 9999.9 9999.9  31.0  14.0
 SBKP   512 -23.00  47.13   661.  3  2 11    0 23.0 320.   2. 9999.9 9999.9  30.0  14.0
 SBKP   512 -23.00  47.13   661.  3  2 11    0  0.0 190. 999. 9999.9 9999.9  30.0  13.0
 SBKP   512 -23.00  47.13   661.  3  2 11    0  1.0 220.  14. 9999.9 9999.9  26.0   6.0
 SBKP   512 -23.00  47.13   661.  3  2 11    0  2.0 230.   7. 9999.9 9999.9  26.0   6.0
 SBRJ   512 -22.90  43.17     3.  3  2 11    0 21.0 190.   8. 9999.9 9999.9  32.0  11.0
 SBRJ   512 -22.90  43.17     3.  3  2 11    0 22.0 180.   5. 9999.9 9999.9  32.0  10.0
 SBRJ   512 -22.90  43.17     3.  3  2 11    0 23.0 160.   5. 9999.9 9999.9  31.0   9.0
 SBRJ   512 -22.90  43.17     3.  3  2 11    0  0.0 190.   3. 9999.9 9999.9  30.0   7.0
 SBRJ   512 -22.90  43.17     3.  3  2 11    0  1.0 160.   3. 9999.9 9999.9  30.0   7.0
 SBRJ   512 -22.90  43.17     3.  3  2 11    0  2.0 350.   5. 9999.9 9999.9  29.0   6.0
 SBGL   512 -22.82  43.25     6.  3  2 11    0 21.0 150.   7. 9999.9 9999.9  33.0   9.0
 SBGL   512 -22.82  43.25     6.  3  2 11    0 22.0 130.   3. 9999.9 9999.9  31.0   6.0
 SBGL   512 -22.82  43.25     6.  3  2 11    0 23.0 100.   6. 9999.9 9999.9  30.0   4.0
 SBGL   512 -22.82  43.25     6.  3  2 11    0  0.0 100.   5. 9999.9 9999.9  30.0   4.0
 SBGL   512 -22.82  43.25     6.  3  2 11    0  1.0  60.   3. 9999.9 9999.9  29.0   4.0
 SBGL   512 -22.82  43.25     6.  3  2 11    0  2.0 120.   3. 9999.9 9999.9  29.0   4.0
 SAST   512 -22.65  63.82   450.  3  2 11    0 22.0 360.   0. 9999.9 9999.9  32.0   6.0
 SAST   512 -22.65  63.82   450.  3  2 11    0 23.0 360.   0. 9999.9 9999.9  30.0   3.0
 SAST   512 -22.65  63.82   450.  3  2 11    0  0.0 360.   0. 9999.9 9999.9  28.0   1.0
 SBPP   512 -22.55  55.70   660.  3  2 11    0 21.0  70.   4. 9999.9 9999.9  24.0   2.0
 SLYA   512 -22.02  63.70   617.  3  2 11    0 21.0 360.   0. 9999.9 9999.9  33.0   9.0
 SLYA   512 -22.02  63.70   617.  3  2 11    0 22.0 180.   5. 9999.9 9999.9  31.0   7.0
 SLYA   512 -22.02  63.70   617.  3  2 11    0 23.0 360.   0. 9999.9 9999.9  30.0   5.0
 SLTJ   512 -21.53  64.72  1858.  3  2 11    0 21.0 999.   3. 9999.9 9999.9  26.0  10.0
 SLTJ   512 -21.53  64.72  1858.  3  2 11    0 22.0 150. 999. 9999.9 9999.9  23.0   4.0
 SLTJ   512 -21.53  64.72  1858.  3  2 11    0 23.0 360.   0. 9999.9 9999.9  25.0   6.0
 SCDA   512 -20.53  70.18    52.  3  2 11    0 21.0 200.  14. 9999.9 9999.9  25.0  11.0
 SCDA   512 -20.53  70.18    52.  3  2 11    0 22.0 200.  11. 9999.9 9999.9  24.0   7.0
 SCDA   512 -20.53  70.18    52.  3  2 11    0 23.0 190.  11. 9999.9 9999.9  24.0   8.0
 SCDA   512 -20.53  70.18    52.  3  2 11    0  0.0 160.  10. 9999.9 9999.9  24.0   8.0
 SCDA   512 -20.53  70.18    52.  3  2 11    0  2.0 200.   9. 9999.9 9999.9  22.0   5.0
 SBCG   512 -20.47  54.67   556.  3  2 11    0 21.0 300.   8. 9999.9 9999.9  32.0  10.0
 SBCG   512 -20.47  54.67   556.  3  2 11    0 22.0 300.   8. 9999.9 9999.9  31.0  10.0
 SBCG   512 -20.47  54.67   556.  3  2 11    0 23.0 300.   6. 9999.9 9999.9  30.0   8.0
 SBCG   512 -20.47  54.67   556.  3  2 11    0  0.0 300.   4. 9999.9 9999.9  29.0   8.0
 SBCG   512 -20.47  54.67   556.  3  2 11    0  1.0 360.   0. 9999.9 9999.9  29.0   7.0
 SBCG   512 -20.47  54.67   556.  3  2 11    0  2.0 360.   0. 9999.9 9999.9  28.0   6.0
 SLCA   512 -20.05  63.57   792.  3  2 11    0 21.0 360.   0. 9999.9 9999.9  27.0   2.0
 SLCA   512 -20.05  63.57   792.  3  2 11    0 22.0 360.   0. 9999.9 9999.9  26.0   1.0
 SLCA   512 -20.05  63.57   792.  3  2 11    0 23.0 360.   0. 9999.9 9999.9  25.0   0.0
 SBCF   512 -19.83  43.93   917.  3  2 11    0 21.0 120.   7. 9999.9 9999.9  29.0  11.0
 SBCF   512 -19.83  43.93   917.  3  2 11    0 22.0 120.   5. 9999.9 9999.9  27.0   8.0
 SBCF   512 -19.83  43.93   917.  3  2 11    0 23.0 110.   5. 9999.9 9999.9  25.0   5.0
 SBCF   512 -19.83  43.93   917.  3  2 11    0  0.0 100.   6. 9999.9 9999.9  24.0   5.0
 SBCF   512 -19.83  43.93   917.  3  2 11    0  1.0 110.   3. 9999.9 9999.9  24.0   4.0
 SBCF   512 -19.83  43.93   917.  3  2 11    0  2.0 130.   4. 9999.9 9999.9  23.0   4.0
 SLPO   512 -19.53  65.72  3934.  3  2 11    0 21.0  90.  18. 9999.9 9999.9  10.0   3.0
 SLSU   512 -19.02  65.27  2903.  3  2 11    0 21.0  30.   5. 9999.9 9999.9  18.0   6.0
 SLSU   512 -19.02  65.27  2903.  3  2 11    0 22.0  30.   6. 9999.9 9999.9  17.0   5.0
 SLSU   512 -19.02  65.27  2903.  3  2 11    0 23.0 360.   0. 9999.9 9999.9  15.0   4.0
 SLPS   512 -19.00  57.73   135.  3  2 11    0 21.0 360.   1. 9999.9 9999.9  34.0  11.0
 SLPS   512 -19.00  57.73   135.  3  2 11    0 22.0  30.   4. 9999.9 9999.9  33.0   9.0
 SLPS   512 -19.00  57.73   135.  3  2 11    0 23.0 360.   0. 9999.9 9999.9  31.0   7.0
 SBCR   512 -19.00  57.65   154.  3  2 11    0 21.0 340.   6. 9999.9 9999.9  34.0  11.0
 SBCR   512 -19.00  57.65   154.  3  2 11    0 22.0 360.   5. 9999.9 9999.9  33.0  10.0
 SBCR   512 -19.00  57.65   154.  3  2 11    0 23.0 340.   3. 9999.9 9999.9  32.0  10.0
 SCAR   512 -18.33  70.33    59.  3  2 11    0 21.0 190.  13. 9999.9 9999.9  25.0   7.0
 SCAR   512 -18.33  70.33    59.  3  2 11    0 22.0 190.  12. 9999.9 9999.9  25.0   7.0
 SCAR   512 -18.33  70.33    59.  3  2 11    0 23.0 200.   9. 9999.9 9999.9  24.0   6.0
 SCAR   512 -18.33  70.33    59.  3  2 11    0  0.0 180.   4. 9999.9 9999.9  23.0   5.0
 SCAR   512 -18.33  70.33    59.  3  2 11    0  1.0 360.   0. 9999.9 9999.9  23.0   6.0
 SCAR   512 -18.33  70.33    59.  3  2 11    0  2.0 999.   1. 9999.9 9999.9  23.0   5.0
 SLRB   512 -18.32  59.75   284.  3  2 11    0 21.0 360.   8. 9999.9 9999.9  33.0  11.0
 SLRB   512 -18.32  59.75   284.  3  2 11    0 22.0 360.   6. 9999.9 9999.9  32.0   9.0
 SLRB   512 -18.32  59.75   284.  3  2 11    0 23.0 360.   0. 9999.9 9999.9  31.0   8.0
 SPTN   512 -18.07  70.30   458.  3  2 11    0 21.0 220.  10. 9999.9 9999.9  27.0  10.0
 SPTN   512 -18.07  70.30   458.  3  2 11    0 22.0 230.   8. 9999.9 9999.9  26.0   9.0
 SPTN   512 -18.07  70.30   458.  3  2 11    0 23.0 210.   7. 9999.9 9999.9  24.0   7.0
 SPTN   512 -18.07  70.30   458.  3  2 11    0  0.0 230.   4. 9999.9 9999.9  22.0   6.0
 SPTN   512 -18.07  70.30   458.  3  2 11    0  1.0 220.   4. 9999.9 9999.9  21.0   5.0
 SPTN   512 -18.07  70.30   458.  3  2 11    0  2.0 360.   0. 9999.9 9999.9  21.0   5.0
 SLOR   512 -18.05  67.07  3702.  3  2 11    0 22.0  50.   8. 9999.9 9999.9  14.0   6.0
 SLOR   512 -18.05  67.07  3702.  3  2 11    0 23.0  60.   8. 9999.9 9999.9  14.0   7.0
 SLJE   512 -17.83  60.75   284.  3  2 11    0 21.0 310.   4. 9999.9 9999.9  32.0   9.0
 SLJE   512 -17.83  60.75   284.  3  2 11    0 22.0 360.   0. 9999.9 9999.9  31.0   8.0
 SLET   512 -17.80  63.17   414.  3  2 11    0 21.0 320.  18. 9999.9 9999.9  28.0   6.0
 SLET   512 -17.80  63.17   414.  3  2 11    0 22.0 340.  18. 9999.9 9999.9  27.0   5.0
 SLET   512 -17.80  63.17   414.  3  2 11    0 23.0 320.  12. 9999.9 9999.9  26.0   4.0
 SLVR   512 -17.65  63.13   373.  3  2 11    0 21.0 330.  19. 9999.9 9999.9  28.0   5.0
 SLVR   512 -17.65  63.13   373.  3  2 11    0 22.0 330.  15. 9999.9 9999.9  27.0   4.0
 SLVR   512 -17.65  63.13   373.  3  2 11    0 23.0 330.  12. 9999.9 9999.9  26.0   4.0
 SLVR   512 -17.65  63.13   373.  3  2 11    0  0.0 320.   8. 9999.9 9999.9  25.0   2.0
 SLVR   512 -17.65  63.13   373.  3  2 11    0  1.0 330.  10. 9999.9 9999.9  24.0   1.0
 SLVR   512 -17.65  63.13   373.  3  2 11    0  2.0 330.   8. 9999.9 9999.9  24.0   1.0
 NTAA   512 -17.55 149.62     2.  3  2 11    0 21.0  30.  16. 9999.9 9999.9  31.0   6.0
 NTAA   512 -17.55 149.62     2.  3  2 11    0 22.0  30.  16. 9999.9 9999.9  31.0   6.0
 NTAA   512 -17.55 149.62     2.  3  2 11    0 23.0  40.  17. 9999.9 9999.9  31.0   6.0
 NTAA   512 -17.55 149.62     2.  3  2 11    0  0.0  40.  16. 9999.9 9999.9  31.0   7.0
 NTAA   512 -17.55 149.62     2.  3  2 11    0  1.0  40.  15. 9999.9 9999.9  31.0   6.0
 NTAA   512 -17.55 149.62     2.  3  2 11    0  2.0  30.  17. 9999.9 9999.9  31.0   6.0
 SLCB   512 -17.45  66.10  2531.  3  2 11    0 21.0 360.   0. 9999.9 9999.9  23.0  11.0
 SLCB   512 -17.45  66.10  2531.  3  2 11    0 22.0 230.   6. 9999.9 9999.9  22.0  10.0
 SLCB   512 -17.45  66.10  2531.  3  2 11    0 23.0 220.   4. 9999.9 9999.9  20.0   8.0
 SLCB   512 -17.45  66.10  2531.  3  2 11    0  0.0 360.   0. 9999.9 9999.9  20.0   8.0
 SLCB   512 -17.45  66.10  2531.  3  2 11    0  1.0 360.   0. 9999.9 9999.9  21.0   8.0
 SLCB   512 -17.45  66.10  2531.  3  2 11    0  2.0 360.   0. 9999.9 9999.9  20.0   7.0
 SLLP   512 -16.52  68.18  4014.  3  2 11    0 21.0 250.   4. 9999.9 9999.9  10.0   4.0
 SLLP   512 -16.52  68.18  4014.  3  2 11    0 22.0 999.   2. 9999.9 9999.9  10.0   5.0
 SLLP   512 -16.52  68.18  4014.  3  2 11    0 23.0 100.  12. 9999.9 9999.9   9.0   3.0
 SLLP   512 -16.52  68.18  4014.  3  2 11    0  0.0 110.  13. 9999.9 9999.9   8.0   1.0
 SLLP   512 -16.52  68.18  4014.  3  2 11    0  1.0 100.  12. 9999.9 9999.9   8.0   3.0
 SLLP   512 -16.52  68.18  4014.  3  2 11    0  2.0 120.   4. 9999.9 9999.9   7.0   2.0
 SLSI   512 -16.37  60.95   413.  3  2 11    0 21.0 340.   5. 9999.9 9999.9  28.0   5.0
 SLSI   512 -16.37  60.95   413.  3  2 11    0 22.0 340.   6. 9999.9 9999.9  29.0   5.0
 SLSI   512 -16.37  60.95   413.  3  2 11    0 23.0 360.   0. 9999.9 9999.9  28.0   3.0
 SPQU   512 -16.32  71.55  2520.  3  2 11    0 21.0 240.  12. 9999.9 9999.9  20.0   9.0
 SPQU   512 -16.32  71.55  2520.  3  2 11    0 21.4 260.  12. 9999.9 9999.9  18.0   5.0
 SPQU   512 -16.32  71.55  2520.  3  2 11    0 22.0 250.  11. 9999.9 9999.9  17.0   3.0
 SPQU   512 -16.32  71.55  2520.  3  2 11    0 22.2 250.   9. 9999.9 9999.9  16.0   3.0
 SPQU   512 -16.32  71.55  2520.  3  2 11    0 23.0 240.  10. 9999.9 9999.9  16.0   3.0
 SPQU   512 -16.32  71.55  2520.  3  2 11    0  0.0 999.   3. 9999.9 9999.9  15.0   2.0
 SPQU   512 -16.32  71.55  2520.  3  2 11    0  0.4  10.   6. 9999.9 9999.9  15.0   3.0
 SPQU   512 -16.32  71.55  2520.  3  2 11    0  1.0 999.   3. 9999.9 9999.9  15.0   3.0
 SPQU   512 -16.32  71.55  2520.  3  2 11    0  2.0 360.   0. 9999.9 9999.9  15.0   3.0
 SLCP   512 -16.25  62.10   497.  3  2 11    0 22.0 300.   6. 9999.9 9999.9  28.0   6.0
 SBBR   512 -15.87  47.94  1061.  3  2 11    0 21.0 110.   3. 9999.9 9999.9  29.0  16.0
 SBBR   512 -15.87  47.94  1061.  3  2 11    0 22.0 110.   3. 9999.9 9999.9  27.0  14.0
 SBBR   512 -15.87  47.94  1061.  3  2 11    0 23.0 100.   3. 9999.9 9999.9  26.0  12.0
 SBBR   512 -15.87  47.94  1061.  3  2 11    0  0.0  90.   2. 9999.9 9999.9  24.0   9.0
 SBBR   512 -15.87  47.94  1061.  3  2 11    0  1.0 360.   0. 9999.9 9999.9  23.0   8.0
 SBBR   512 -15.87  47.94  1061.  3  2 11    0  2.0 360.   0. 9999.9 9999.9  22.0   6.0
 SBCY   512 -15.65  56.10   182.  3  2 11    0 21.0 210.   8. 9999.9 9999.9  32.0  11.0
 SBCY   512 -15.65  56.10   182.  3  2 11    0 22.0 200.   7. 9999.9 9999.9  29.0   6.0
 SBCY   512 -15.65  56.10   182.  3  2 11    0 23.0 130.   6. 9999.9 9999.9  28.0   5.0
 SBCY   512 -15.65  56.10   182.  3  2 11    0  0.0 320.   7. 9999.9 9999.9  28.0   7.0
 SBCY   512 -15.65  56.10   182.  3  2 11    0  1.0 360.   0. 9999.9 9999.9  27.0   8.0
 SBCY   512 -15.65  56.10   182.  3  2 11    0  2.0 120.   3. 9999.9 9999.9  26.0   6.0
 SLRQ   512 -14.48  67.48   202.  3  2 11    0 21.0 360.   4. 9999.9 9999.9  30.0   5.0
 SLRQ   512 -14.48  67.48   202.  3  2 11    0 22.0 360.   0. 9999.9 9999.9  29.0   5.0
 SLRY   512 -14.30  67.37   280.  3  2 11    0 21.0 340.  12. 9999.9 9999.9  30.0   7.0
 SLRY   512 -14.30  67.37   280.  3  2 11    0 22.0 340.   8. 9999.9 9999.9  29.0   6.0
 SPSO   512 -13.75  76.28     7.  3  2 11    0 21.0 220.  14. 9999.9 9999.9  27.0   6.0
 SPSO   512 -13.75  76.28     7.  3  2 11    0 22.0 230.  18. 9999.9 9999.9  26.0   5.0
 SPSO   512 -13.75  76.28     7.  3  2 11    0 23.0 220.  16. 9999.9 9999.9  25.0   4.0
 SPSO   512 -13.75  76.28     7.  3  2 11    0  0.0 210.  15. 9999.9 9999.9  24.0   4.0
 SPSO   512 -13.75  76.28     7.  3  2 11    0  1.0 210.  13. 9999.9 9999.9  23.0   3.0
 SPSO   512 -13.75  76.28     7.  3  2 11    0  2.0 220.  13. 9999.9 9999.9  22.0   3.0
 SLSA   512 -13.72  65.58   144.  3  2 11    0 21.0 300.   8. 9999.9 9999.9  32.0   8.0
 SLSA   512 -13.72  65.58   144.  3  2 11    0 22.0 310.  10. 9999.9 9999.9  32.0   7.0
 SLSA   512 -13.72  65.58   144.  3  2 11    0 23.0 320.   6. 9999.9 9999.9  29.0   5.0
 SPZO   512 -13.55  71.98  3249.  3  2 11    0 21.0  80.   7. 9999.9 9999.9  12.0   3.0
 SPZO   512 -13.55  71.98  3249.  3  2 11    0 21.2  40.   4. 9999.9 9999.9  13.0   4.0
 SPZO   512 -13.55  71.98  3249.  3  2 11    0 22.0 999.   2. 9999.9 9999.9  13.0   4.0
 SPZO   512 -13.55  71.98  3249.  3  2 11    0 23.0 360.   0. 9999.9 9999.9  13.0   4.0
 SPZO   512 -13.55  71.98  3249.  3  2 11    0  0.0 360.   0. 9999.9 9999.9  13.0   3.0
 SPZO   512 -13.55  71.98  3249.  3  2 11    0  1.0 360.   0. 9999.9 9999.9  12.0   2.0
 SPZO   512 -13.55  71.98  3249.  3  2 11    0  2.0 999.   2. 9999.9 9999.9  12.0   3.0
 SLMG   512 -13.33  64.15   141.  3  2 11    0 21.0 300.   6. 9999.9 9999.9  31.0   6.0
 SLMG   512 -13.33  64.15   141.  3  2 11    0 22.0 360.   0. 9999.9 9999.9  31.0   6.0
 SLMG   512 -13.33  64.15   141.  3  2 11    0 23.0 360.   0. 9999.9 9999.9  30.0   5.0
 SLJO   512 -13.07  64.67   140.  3  2 11    0 21.0 310.   4. 9999.9 9999.9  31.0   7.0
 SLJO   512 -13.07  64.67   140.  3  2 11    0 22.0 320.   4. 9999.9 9999.9  31.0   7.0
 SBSV   512 -12.90  38.33     6.  3  2 11    0 21.0 120.   9. 9999.9 9999.9  28.0   4.0
 SBSV   512 -12.90  38.33     6.  3  2 11    0 22.0 120.   8. 9999.9 9999.9  28.0   4.0
 SBSV   512 -12.90  38.33     6.  3  2 11    0 23.0 120.   8. 9999.9 9999.9  27.0   4.0
 SBSV   512 -12.90  38.33     6.  3  2 11    0  0.0 120.   8. 9999.9 9999.9  27.0   3.0
 SBSV   512 -12.90  38.33     6.  3  2 11    0  1.0 100.  10. 9999.9 9999.9  27.0   3.0
 SBSV   512 -12.90  38.33     6.  3  2 11    0  2.0 120.   8. 9999.9 9999.9  27.0   3.0
 SPIM   512 -12.00  77.12    13.  3  2 11    0 21.0 180.   9. 9999.9 9999.9  25.0   4.0
 SPIM   512 -12.00  77.12    13.  3  2 11    0 22.0 180.   9. 9999.9 9999.9  24.0   3.0
 SPIM   512 -12.00  77.12    13.  3  2 11    0 23.0 180.   9. 9999.9 9999.9  23.0   2.0
 SPIM   512 -12.00  77.12    13.  3  2 11    0  0.0 170.   7. 9999.9 9999.9  22.0   1.0
 SPIM   512 -12.00  77.12    13.  3  2 11    0  1.0 170.   7. 9999.9 9999.9  22.0   1.0
 SPIM   512 -12.00  77.12    13.  3  2 11    0  2.0 160.   8. 9999.9 9999.9  22.0   1.0
 SLCO   512 -11.08  68.87   252.  3  2 11    0 21.0 350.   4. 9999.9 9999.9  31.0   8.0
 SLCO   512 -11.08  68.87   252.  3  2 11    0 22.0 350.   3. 9999.9 9999.9  30.0   6.0
 SLRI   512 -11.02  66.12   135.  3  2 11    0 21.0 360.   0. 9999.9 9999.9  33.0   9.0
 SLRI   512 -11.02  66.12   135.  3  2 11    0 22.0 360.   0. 9999.9 9999.9  28.0   4.0
 SLRI   512 -11.02  66.12   135.  3  2 11    0 23.0 360.   0. 9999.9 9999.9  27.0   4.0
 SBRB   512 -10.00  67.80   143.  3  2 11    0 21.0  70.   2. 9999.9 9999.9  24.0   0.0
 SBRB   512 -10.00  67.80   143.  3  2 11    0 22.0  60.   5. 9999.9 9999.9  24.0   0.0
 SBRB   512 -10.00  67.80   143.  3  2 11    0 23.0 300.   3. 9999.9 9999.9  24.0   0.0
 SBRB   512 -10.00  67.80   143.  3  2 11    0  0.0 360.   4. 9999.9 9999.9  24.0   0.0
 SBRB   512 -10.00  67.80   143.  3  2 11    0  1.0 340.   3. 9999.9 9999.9  23.0   0.0
 SBRB   512 -10.00  67.80   143.  3  2 11    0  2.0 360.   4. 9999.9 9999.9  23.0   0.0
 SBMO   512  -9.52  35.78   115.  3  2 11    0 21.0 120.   8. 9999.9 9999.9  30.0   5.0
 SBMO   512  -9.52  35.78   115.  3  2 11    0 22.0 130.   6. 9999.9 9999.9  29.0   5.0
 SBMO   512  -9.52  35.78   115.  3  2 11    0 23.0 120.   4. 9999.9 9999.9  28.0   4.0
 SBMO   512  -9.52  35.78   115.  3  2 11    0  0.0 360.   0. 9999.9 9999.9  26.0   2.0
 SBMO   512  -9.52  35.78   115.  3  2 11    0  1.0 360.   0. 9999.9 9999.9  26.0   2.0
 SBMO   512  -9.52  35.78   115.  3  2 11    0  2.0 360.   0. 9999.9 9999.9  26.0   1.0
 SBPV   512  -8.77  63.92    88.  3  2 11    0 21.0  40.   6. 9999.9 9999.9  28.0   2.0
 SBPV   512  -8.77  63.92    88.  3  2 11    0 22.0 360.   8. 9999.9 9999.9  27.0   1.0
 SBPV   512  -8.77  63.92    88.  3  2 11    0 23.0 360.   0. 9999.9 9999.9  27.0   1.0
 SBPV   512  -8.77  63.92    88.  3  2 11    0  0.0  40.   6. 9999.9 9999.9  26.0   0.0
 SBPV   512  -8.77  63.92    88.  3  2 11    0  1.0 360.   0. 9999.9 9999.9  26.0   0.0
 SBPV   512  -8.77  63.92    88.  3  2 11    0  2.0 360.   0. 9999.9 9999.9  26.0   0.0
 SBRF   512  -8.07  34.85    19.  3  2 11    0 21.0 120.   8. 9999.9 9999.9  29.0   7.0
 SBRF   512  -8.07  34.85    19.  3  2 11    0 22.0 130.   7. 9999.9 9999.9  29.0   8.0
 SBRF   512  -8.07  34.85    19.  3  2 11    0 23.0 150.   6. 9999.9 9999.9  28.0   6.0
 SBRF   512  -8.07  34.85    19.  3  2 11    0  0.0 130.   6. 9999.9 9999.9  28.0   7.0
 SBRF   512  -8.07  34.85    19.  3  2 11    0  1.0 100.   4. 9999.9 9999.9  28.0   6.0
 SBRF   512  -8.07  34.85    19.  3  2 11    0  2.0 100.   5. 9999.9 9999.9  28.0   7.0
 SBCZ   512  -7.63  72.67   170.  3  2 11    0 21.0 210.   5. 9999.9 9999.9  31.0   8.0
 SBCZ   512  -7.63  72.67   170.  3  2 11    0 22.0 360.   0. 9999.9 9999.9  31.0   8.0
 SBCZ   512  -7.63  72.67   170.  3  2 11    0 23.0 360.   5. 9999.9 9999.9  28.0   5.0
 SPHI   512  -6.78  79.83    34.  3  2 11    0 21.0 200.  17. 9999.9 9999.9  30.0   9.0
 SPHI   512  -6.78  79.83    34.  3  2 11    0 22.0 190.  17. 9999.9 9999.9  29.0   8.0
 SPHI   512  -6.78  79.83    34.  3  2 11    0 23.0 170.  16. 9999.9 9999.9  26.0   5.0
 SPHI   512  -6.78  79.83    34.  3  2 11    0  0.0 160.  11. 9999.9 9999.9  26.0   5.0
 SPHI   512  -6.78  79.83    34.  3  2 11    0  1.0 160.  14. 9999.9 9999.9  25.0   4.0
 SPHI   512  -6.78  79.83    34.  3  2 11    0  2.0 180.  11. 9999.9 9999.9  25.0   4.0
 SBCJ   512  -6.12  50.00   621.  3  2 11    0 21.0 360.   0. 9999.9 9999.9  28.0   6.0
 SBCJ   512  -6.12  50.00   621.  3  2 11    0 22.0  80.   2. 9999.9 9999.9  25.0   2.0
 SBCJ   512  -6.12  50.00   621.  3  2 11    0 23.0  60.   2. 9999.9 9999.9  25.0   2.0
 SBCJ   512  -6.12  50.00   621.  3  2 11    0  0.0  80.   4. 9999.9 9999.9  24.0   1.0
 SBCJ   512  -6.12  50.00   621.  3  2 11    0  1.0  80.   2. 9999.9 9999.9  24.0   1.0
 SBNT   512  -5.92  35.25    52.  3  2 11    0 21.0 110.   7. 9999.9 9999.9  30.0   5.0
 SBNT   512  -5.92  35.25    52.  3  2 11    0 22.0 100.   8. 9999.9 9999.9  29.0   4.0
 SBNT   512  -5.92  35.25    52.  3  2 11    0 23.0 100.   8. 9999.9 9999.9  28.0   3.0
 SBNT   512  -5.92  35.25    52.  3  2 11    0  0.0 120.   6. 9999.9 9999.9  27.0   3.0
 SBNT   512  -5.92  35.25    52.  3  2 11    0  1.0 130.   4. 9999.9 9999.9  27.0   3.0
 SBNT   512  -5.92  35.25    52.  3  2 11    0  2.0 170.   4. 9999.9 9999.9  26.0   2.0
 SBMA   512  -5.35  49.15   102.  3  2 11    0 21.0 320.   4. 9999.9 9999.9  31.0   7.0
 SBMA   512  -5.35  49.15   102.  3  2 11    0 22.0 330.   3. 9999.9 9999.9  30.0   5.0
 SBMA   512  -5.35  49.15   102.  3  2 11    0 23.0 360.   0. 9999.9 9999.9  28.0   3.0
 SBMA   512  -5.35  49.15   102.  3  2 11    0  0.0 360.   0. 9999.9 9999.9  27.0   2.0
 SBMA   512  -5.35  49.15   102.  3  2 11    0  1.0 360.   0. 9999.9 9999.9  27.0   2.0
 SBMA   512  -5.35  49.15   102.  3  2 11    0  2.0 290.   3. 9999.9 9999.9  26.0   1.0
 SBTE   512  -5.05  42.82    69.  3  2 11    0 21.0 310.   2. 9999.9 9999.9  25.0   0.0
 SBTE   512  -5.05  42.82    69.  3  2 11    0 22.0  20.   5. 9999.9 9999.9  25.0   0.0
 SBTE   512  -5.05  42.82    69.  3  2 11    0 23.0  20.   3. 9999.9 9999.9  24.0   0.0
 SBTE   512  -5.05  42.82    69.  3  2 11    0  0.0  10.   2. 9999.9 9999.9  24.0   0.0
 SBTE   512  -5.05  42.82    69.  3  2 11    0  1.0 340.   2. 9999.9 9999.9  24.0   0.0
 SBTE   512  -5.05  42.82    69.  3  2 11    0  2.0  20.   5. 9999.9 9999.9  24.0   0.0
 SKLT   512  -4.17  69.95    84.  3  2 11    0 21.0  80.   5. 9999.9 9999.9  28.0   4.0
 SKLT   512  -4.17  69.95    84.  3  2 11    0 22.0  80.   5. 9999.9 9999.9  27.0   3.0
 SKLT   512  -4.17  69.95    84.  3  2 11    0 23.0 999.   3. 9999.9 9999.9  26.0   1.0
 SKLT   512  -4.17  69.95    84.  3  2 11    0  0.0 360.   0. 9999.9 9999.9  25.0   1.0
 SKLT   512  -4.17  69.95    84.  3  2 11    0  1.0 999. 999. 9999.9 9999.9 999.9  99.9
 SBFZ   512  -3.78  38.53    25.  3  2 11    0 21.0  80.   8. 9999.9 9999.9  28.0   2.0
 SBFZ   512  -3.78  38.53    25.  3  2 11    0 22.0  80.   6. 9999.9 9999.9  27.0   1.0
 SBFZ   512  -3.78  38.53    25.  3  2 11    0 23.0  90.   4. 9999.9 9999.9  27.0   2.0
 SBFZ   512  -3.78  38.53    25.  3  2 11    0  0.0  50.   3. 9999.9 9999.9  27.0   4.0
 SBFZ   512  -3.78  38.53    25.  3  2 11    0  1.0  60.   8. 9999.9 9999.9  27.0   1.0
 SBFZ   512  -3.78  38.53    25.  3  2 11    0  2.0  80.   5. 9999.9 9999.9  27.0   1.0
 SPQT   512  -3.75  73.25   126.  3  2 11    0 21.0 110.   4. 9999.9 9999.9  28.0   3.0
 SPQT   512  -3.75  73.25   126.  3  2 11    0 22.0 150.   5. 9999.9 9999.9  28.0   3.0
 SPQT   512  -3.75  73.25   126.  3  2 11    0 23.0 999.   3. 9999.9 9999.9  27.0   3.0
 SPQT   512  -3.75  73.25   126.  3  2 11    0  0.0 100.   4. 9999.9 9999.9  25.0   2.0
 SPQT   512  -3.75  73.25   126.  3  2 11    0  1.0 360.   0. 9999.9 9999.9  25.0   2.0
 SPQT   512  -3.75  73.25   126.  3  2 11    0  2.0 100.   4. 9999.9 9999.9  25.0   2.0
 SBTT   512  -3.67  69.67    85.  3  2 11    0 21.0 360.   5. 9999.9 9999.9  28.0   3.0
 SBTT   512  -3.67  69.67    85.  3  2 11    0 22.0  60.   4. 9999.9 9999.9  27.0   3.0
 SBTT   512  -3.67  69.67    85.  3  2 11    0 23.0 360.   0. 9999.9 9999.9  27.0   3.0
 SBTT   512  -3.67  69.67    85.  3  2 11    0  0.0 360.   0. 9999.9 9999.9  25.0   2.0
 SBTF   512  -3.37  64.68    47.  3  2 11    0 21.0 250.   4. 9999.9 9999.9  26.0   1.0
 SBTF   512  -3.37  64.68    47.  3  2 11    0 22.0  40.   2. 9999.9 9999.9  24.0   0.0
 SBTF   512  -3.37  64.68    47.  3  2 11    0 23.0 360.   0. 9999.9 9999.9  24.0   0.0
 SBEG   512  -3.03  60.05     2.  3  2 11    0 21.0 110.   6. 9999.9 9999.9  30.0   5.0
 SBEG   512  -3.03  60.05     2.  3  2 11    0 22.0 150.   3. 9999.9 9999.9  28.0   2.0
 SBEG   512  -3.03  60.05     2.  3  2 11    0 23.0 150.   2. 9999.9 9999.9  27.0   1.0
 SBEG   512  -3.03  60.05     2.  3  2 11    0  0.0  70.   1. 9999.9 9999.9  26.0   0.0
 SBEG   512  -3.03  60.05     2.  3  2 11    0  1.0  60.   1. 9999.9 9999.9  26.0   0.0
 SBEG   512  -3.03  60.05     2.  3  2 11    0  2.0 360.   0. 9999.9 9999.9  26.0   0.0
 SBSL   512  -2.60  44.23    53.  3  2 11    0 21.0  40.   5. 9999.9 9999.9  28.0   1.0
 SBSL   512  -2.60  44.23    53.  3  2 11    0 22.0  40.   5. 9999.9 9999.9  28.0   1.0
 SBSL   512  -2.60  44.23    53.  3  2 11    0 23.0  20.   5. 9999.9 9999.9  28.0  99.9
 SBSL   512  -2.60  44.23    53.  3  2 11    0  0.0  20.   4. 9999.9 9999.9  28.0   2.0
 SBSL   512  -2.60  44.23    53.  3  2 11    0  1.0  40.   5. 9999.9 9999.9  27.0   1.0
 SBSL   512  -2.60  44.23    53.  3  2 11    0  2.0  40.   3. 9999.9 9999.9  27.0   1.0
 SBSN   512  -2.43  54.72    72.  3  2 11    0 21.0 120.   8. 9999.9 9999.9  30.0   6.0
 SBSN   512  -2.43  54.72    72.  3  2 11    0 22.0 200.   5. 9999.9 9999.9  28.0   4.0
 SBSN   512  -2.43  54.72    72.  3  2 11    0 23.0 360.   0. 9999.9 9999.9  27.0   3.0
 SBSN   512  -2.43  54.72    72.  3  2 11    0  0.0 360.   0. 9999.9 9999.9  27.0   4.0
 SBSN   512  -2.43  54.72    72.  3  2 11    0  1.0 100.   2. 9999.9 9999.9  27.0   4.0
 SBSN   512  -2.43  54.72    72.  3  2 11    0  2.0 120.   6. 9999.9 9999.9  26.0   1.0
 SEGU   512  -2.15  79.88     9.  3  2 11    0 21.0  50.   2. 9999.9 9999.9 999.9  99.9
 SEGU   512  -2.15  79.88     9.  3  2 11    0 22.0  40.   8. 9999.9 9999.9  27.0   4.0
 SEGU   512  -2.15  79.88     9.  3  2 11    0 22.8  50.   7. 9999.9 9999.9  27.0   4.0
 SEGU   512  -2.15  79.88     9.  3  2 11    0 23.0 160.   4. 9999.9 9999.9  26.0   3.0
 SEGU   512  -2.15  79.88     9.  3  2 11    0  0.0 220.   2. 9999.9 9999.9  25.0   2.0
 SEGU   512  -2.15  79.88     9.  3  2 11    0  1.0  30.   3. 9999.9 9999.9  24.0   1.0
 SEGU   512  -2.15  79.88     9.  3  2 11    0  2.0 360.   0. 9999.9 9999.9  24.0   2.0
 SBBE   512  -1.38  48.48    16.  3  2 11    0 21.0 110.   6. 9999.9 9999.9  27.0   5.0
 SBBE   512  -1.38  48.48    16.  3  2 11    0 22.0  40.   4. 9999.9 9999.9  26.0   4.0
 SBBE   512  -1.38  48.48    16.  3  2 11    0 23.0  50.   3. 9999.9 9999.9  26.0   3.0
 SBBE   512  -1.38  48.48    16.  3  2 11    0  0.0  70.   4. 9999.9 9999.9  25.0   2.0
 SBBE   512  -1.38  48.48    16.  3  2 11    0  1.0  80.   3. 9999.9 9999.9  25.0   2.0
 SBBE   512  -1.38  48.48    16.  3  2 11    0  2.0  80.   3. 9999.9 9999.9  25.0   2.0
 SEMT   512  -0.95  80.68    14.  3  2 11    0 21.0 300.  10. 9999.9 9999.9  27.0   5.0
 SEMT   512  -0.95  80.68    14.  3  2 11    0 22.0 300.  10. 9999.9 9999.9  27.0   4.0
 SEMT   512  -0.95  80.68    14.  3  2 11    0 23.0 300.   8. 9999.9 9999.9 999.9  99.9
 SEMT   512  -0.95  80.68    14.  3  2 11    0  0.0 310.   8. 9999.9 9999.9  26.0   3.0
 SEMT   512  -0.95  80.68    14.  3  2 11    0  1.0 290.   3. 9999.9 9999.9  26.0   3.0
 SEMT   512  -0.95  80.68    14.  3  2 11    0  2.0 260.   5. 9999.9 9999.9  26.0   3.0
 SELT   512  -0.92  78.62  2785.  3  2 11    0 21.0  90.   8. 9999.9 9999.9  19.0  12.0
 SELT   512  -0.92  78.62  2785.  3  2 11    0 22.0 180.  16. 9999.9 9999.9  18.0   9.0
 SELT   512  -0.92  78.62  2785.  3  2 11    0 23.0 180.  15. 9999.9 9999.9  15.0   5.0
 SELT   512  -0.92  78.62  2785.  3  2 11    0  0.0 180.   9. 9999.9 9999.9  14.0   5.0
 SELT   512  -0.92  78.62  2785.  3  2 11    0  1.0 190.   7. 9999.9 9999.9  13.0   4.0
 SELT   512  -0.92  78.62  2785.  3  2 11    0  2.0 240.   6. 9999.9 9999.9  13.0   4.0
 SEQU   512  -0.15  78.48  2812.  3  2 11    0 21.0 360.   9. 9999.9 9999.9  19.0  10.0
 SEQU   512  -0.15  78.48  2812.  3  2 11    0 22.0 330.   9. 9999.9 9999.9  18.0   7.0
 SEQU   512  -0.15  78.48  2812.  3  2 11    0 23.0 340.   8. 9999.9 9999.9  17.0   7.0
 SEQU   512  -0.15  78.48  2812.  3  2 11    0  0.0 360.   9. 9999.9 9999.9  16.0   6.0
 SEQU   512  -0.15  78.48  2812.  3  2 11    0  1.0  10.   5. 9999.9 9999.9  15.0   5.0
 SEQU   512  -0.15  78.48  2812.  3  2 11    0  2.0  20.   3. 9999.9 9999.9  14.0   4.0
 SBMQ   512   0.03  51.05    15.  3  2 11    0 21.0  50.   4. 9999.9 9999.9  25.0   1.0
 SBMQ   512   0.03  51.05    15.  3  2 11    0 22.0 360.   0. 9999.9 9999.9  26.0   1.0
 SBMQ   512   0.03  51.05    15.  3  2 11    0 23.0  10.   4. 9999.9 9999.9  26.0   1.0
 SBMQ   512   0.03  51.05    15.  3  2 11    0  0.0 140.  10. 9999.9 9999.9  23.0   0.0
 SBMQ   512   0.03  51.05    15.  3  2 11    0  1.0 100.  10. 9999.9 9999.9 999.9  99.9
 SBMQ   512   0.03  51.05    15.  3  2 11    0  2.0  60.  12. 9999.9 9999.9 999.9  99.9
 SBBV   512   2.83  60.70   140.  3  2 11    0 21.0  60. 175. 9999.9 9999.9  32.0  15.0
 SBBV   512   2.83  60.70   140.  3  2 11    0 22.0  50.  11. 9999.9 9999.9  32.0  16.0
 SBBV   512   2.83  60.70   140.  3  2 11    0 23.0  60.   6. 9999.9 9999.9  31.0  14.0
 SBBV   512   2.83  60.70   140.  3  2 11    0  0.0  60.   8. 9999.9 9999.9  30.0  12.0
 SBBV   512   2.83  60.70   140.  3  2 11    0  1.0  60.  10. 9999.9 9999.9  29.0  11.0
 SBBV   512   2.83  60.70   140.  3  2 11    0  2.0  60.   8. 9999.9 9999.9  28.0  10.0
 SKCL   512   3.55  76.38   969.  3  2 11    0 21.0 320.   6. 9999.9 9999.9  30.0  12.0
 SKCL   512   3.55  76.38   969.  3  2 11    0 22.0 340.  10. 9999.9 9999.9  29.0  10.0
 SKCL   512   3.55  76.38   969.  3  2 11    0 23.0 330.  10. 9999.9 9999.9  28.0   9.0
 SKCL   512   3.55  76.38   969.  3  2 11    0  0.0 340.   9. 9999.9 9999.9  26.0   8.0
 SKCL   512   3.55  76.38   969.  3  2 11    0  1.0 340.   6. 9999.9 9999.9  25.0   7.0
 SKCL   512   3.55  76.38   969.  3  2 11    0  2.0  20.   5. 9999.9 9999.9  25.0   7.0
 SKBO   512   4.70  74.13  2548.  3  2 11    0 21.0  80.   5. 9999.9 9999.9  28.0   4.0
 SKBO   512   4.70  74.13  2548.  3  2 11    0 22.0 330.  10. 9999.9 9999.9  16.0   4.0
 SKBO   512   4.70  74.13  2548.  3  2 11    0 23.0 999.   2. 9999.9 9999.9  15.0   4.0
 SKBO   512   4.70  74.13  2548.  3  2 11    0  0.0 360.   0. 9999.9 9999.9  25.0   1.0
 SKBO   512   4.70  74.13  2548.  3  2 11    0  1.0  50.   3. 9999.9 9999.9  13.0   1.0
 SKBO   512   4.70  74.13  2548.  3  2 11    0  2.0 999.   3. 9999.9 9999.9  27.0   3.0
 SKPE   512   4.82  75.80  1342.  3  2 11    0 23.0 360.   0. 9999.9 9999.9  25.0   6.0
 SKPE   512   4.82  75.80  1342.  3  2 11    0  0.0 360.   0. 9999.9 9999.9  24.0   6.0
 SKPE   512   4.82  75.80  1342.  3  2 11    0  1.0 360.   0. 9999.9 9999.9  22.0   4.0
 SKPE   512   4.82  75.80  1342.  3  2 11    0  2.0 360.   0. 9999.9 9999.9  22.0   4.0
 SOCA   512   4.83  52.37     9.  3  2 11    0 21.0  30.   9. 9999.9 9999.9  27.0   4.0
 SOCA   512   4.83  52.37     9.  3  2 11    0 22.0  20.   8. 9999.9 9999.9  26.0   4.0
 SOCA   512   4.83  52.37     9.  3  2 11    0 23.0  40.   9. 9999.9 9999.9  26.0   5.0
 SOCA   512   4.83  52.37     9.  3  2 11    0  0.0  40.   7. 9999.9 9999.9  26.0   6.0
 SOCA   512   4.83  52.37     9.  3  2 11    0  1.0  40.   7. 9999.9 9999.9  26.0   5.0
 SOCA   512   4.83  52.37     9.  3  2 11    0  2.0  50.   7. 9999.9 9999.9  25.0   4.0
 SMJP   512   5.45  55.18    16.  3  2 11    0 21.0  60.  14. 9999.9 9999.9  28.0   7.0
 SMJP   512   5.45  55.18    16.  3  2 11    0 22.0  80.   8. 9999.9 9999.9  27.0   7.0
 SMJP   512   5.45  55.18    16.  3  2 11    0 23.0  50.   8. 9999.9 9999.9  25.0   5.0
 SMJP   512   5.45  55.18    16.  3  2 11    0  0.0 999.  95. 9999.9 9999.9  24.0   3.0
 SMJP   512   5.45  55.18    16.  3  2 11    0  1.0  30.   4. 9999.9 9999.9  24.0   3.0
 SKRG   512   6.18  75.43  2137.  3  2 11    0 21.0 360.   0. 9999.9 9999.9  21.0   8.0
 SKRG   512   6.18  75.43  2137.  3  2 11    0 22.0 360.   0. 9999.9 9999.9  20.0   7.0
 SKRG   512   6.18  75.43  2137.  3  2 11    0 23.0 360.   0. 9999.9 9999.9  19.0   6.0
 SKRG   512   6.18  75.43  2137.  3  2 11    0  0.0 360.   0. 9999.9 9999.9  18.0   3.0
 SKRG   512   6.18  75.43  2137.  3  2 11    0  1.0 360.   0. 9999.9 9999.9  17.0   1.0
 SKRG   512   6.18  75.43  2137.  3  2 11    0  2.0 360.   0. 9999.9 9999.9  17.0   1.0
 SYCJ   512   6.50  58.25    30.  3  2 11    0 21.0  50.   8. 9999.9 9999.9  29.0   9.0
 SYCJ   512   6.50  58.25    30.  3  2 11    0 22.0  50.   8. 9999.9 9999.9  27.0   6.0
 SYCJ   512   6.50  58.25    30.  3  2 11    0 23.0  50.   8. 9999.9 9999.9  26.0   5.0
 SYCJ   512   6.50  58.25    30.  3  2 11    0  0.0  50.   4. 9999.9 9999.9  24.0   2.0
 SYCJ   512   6.50  58.25    30.  3  2 11    0  1.0  30.   4. 9999.9 9999.9  24.0   2.0
 SYCJ   512   6.50  58.25    30.  3  2 11    0  2.0  30.   4. 9999.9 9999.9  24.0   3.0
 SYGT   512   6.80  58.15     2.  3  2 11    0 21.0 120.  12. 9999.9 9999.9  28.0   8.0
 SKBG   512   7.10  73.20  1189.  3  2 11    0 21.0 330.  10. 9999.9 9999.9  27.0   8.0
 SKBG   512   7.10  73.20  1189.  3  2 11    0 22.0 330.   8. 9999.9 9999.9  26.0   7.0
 SKBG   512   7.10  73.20  1189.  3  2 11    0 23.0 330.   6. 9999.9 9999.9  24.0   4.0
 SKBG   512   7.10  73.20  1189.  3  2 11    0  0.0 360.   0. 9999.9 9999.9  23.0   4.0
 SKBG   512   7.10  73.20  1189.  3  2 11    0  1.0 360.   0. 9999.9 9999.9  23.0   4.0
 SKBG   512   7.10  73.20  1189.  3  2 11    0  2.0 360.   0. 9999.9 9999.9  22.0   3.0
 SVGD   512   7.23  70.80   131.  3  2 11    0 22.0  20.   9. 9999.9 9999.9  32.0  17.0
 SVGD   512   7.23  70.80   131.  3  2 11    0 23.0  20.   4. 9999.9 9999.9  32.0  17.0
 SVSR   512   7.90  67.42    48.  3  2 11    0 22.0  70.   5. 9999.9 9999.9  33.0  10.0
 MPSA   512   8.08  80.95    88.  3  2 11    0 21.0 340.  18. 9999.9 9999.9  35.0  17.0
 MPSA   512   8.08  80.95    88.  3  2 11    0 22.0 320.  16. 9999.9 9999.9  34.0  16.0
 MPSA   512   8.08  80.95    88.  3  2 11    0 23.0 310.  18. 9999.9 9999.9  31.0  11.0
 MPSA   512   8.08  80.95    88.  3  2 11    0  0.0 320.  12. 9999.9 9999.9  29.0   8.0
 MPDA   512   8.40  82.42    26.  3  2 11    0 21.0 180.   6. 9999.9 9999.9  32.0   9.0
 MPDA   512   8.40  82.42    26.  3  2 11    0 22.0 220.  10. 9999.9 9999.9  32.0  10.0
 MPDA   512   8.40  82.42    26.  3  2 11    0 23.0 360.   8. 9999.9 9999.9  32.0  13.0
 MPDA   512   8.40  82.42    26.  3  2 11    0  0.0  40.  10. 9999.9 9999.9  30.0  12.0
 SVMD   512   8.60  71.18  1498.  3  2 11    0 22.0 250.   8. 9999.9 9999.9  22.0   4.0
 SVMD   512   8.60  71.18  1498.  3  2 11    0 23.0 200.   5. 9999.9 9999.9  21.0   3.0
 SVBI   512   8.62  70.22   204.  3  2 11    0 22.0 340.   6. 9999.9 9999.9  32.0   9.0
 SVBI   512   8.62  70.22   204.  3  2 11    0 23.0 340.   4. 9999.9 9999.9  31.0   9.0
 SVCL   512   8.93  67.42   101.  3  2 11    0 22.0  70.   4. 9999.9 9999.9  33.0  11.0
 SVCL   512   8.93  67.42   101.  3  2 11    0 23.0  90.   6. 9999.9 9999.9  31.0  10.0
 MPMG   512   8.98  79.52    13.  3  2 11    0 21.0  10.  13. 9999.9 9999.9  31.0   8.0
 MPMG   512   8.98  79.52    13.  3  2 11    0 22.0  20.  11. 9999.9 9999.9  30.0   7.0
 MPMG   512   8.98  79.52    13.  3  2 11    0 23.0 350.   9. 9999.9 9999.9  29.0   6.0
 MPMG   512   8.98  79.52    13.  3  2 11    0  0.0 360.   0. 9999.9 9999.9  27.0   4.0
 SVSZ   512   8.98  71.95    10.  3  2 11    0 21.0 360.   0. 9999.9 9999.9 999.9  99.9
 SVSZ   512   8.98  71.95    10.  3  2 11    0 22.0 360.   0. 9999.9 9999.9 999.9  99.9
 SVGU   512   9.02  69.73   163.  3  2 11    0 22.0  90.   3. 9999.9 9999.9  32.0  10.0
 SVGU   512   9.02  69.73   163.  3  2 11    0 23.0  70.   2. 9999.9 9999.9  30.0   9.0
 MPTO   512   9.05  79.37    11.  3  2 11    0 21.0  10.  18. 9999.9 9999.9  31.0   9.0
 MPTO   512   9.05  79.37    11.  3  2 11    0 22.0  20.  15. 9999.9 9999.9  31.0  10.0
 MPTO   512   9.05  79.37    11.  3  2 11    0 23.0  10.  12. 9999.9 9999.9  30.0   9.0
 MPTO   512   9.05  79.37    11.  3  2 11    0  0.0  10.  10. 9999.9 9999.9  29.0   8.0
 MPTO   512   9.05  79.37    11.  3  2 11    0  1.0  10.   8. 9999.9 9999.9  29.0   8.0
 MPTO   512   9.05  79.37    11.  3  2 11    0  2.0  20.   6. 9999.9 9999.9  28.0   7.0
 SVAC   512   9.55  69.23   225.  3  2 11    0 22.0  20.   3. 9999.9 9999.9  34.0  12.0
 SVAC   512   9.55  69.23   225.  3  2 11    0 23.0 110.   3. 9999.9 9999.9  32.0  11.0
 SVMT   512   9.75  63.18    66.  3  2 11    0 22.0  60.  14. 9999.9 9999.9  28.0  13.0
 SVMT   512   9.75  63.18    66.  3  2 11    0 23.0  40.   9. 9999.9 9999.9  27.0  10.0
 SVMT   512   9.75  63.18    66.  3  2 11    0  1.0  40.   6. 9999.9 9999.9  26.0   9.0
 SVMT   512   9.75  63.18    66.  3  2 11    0  2.0  40.   6. 9999.9 9999.9  24.0   5.0
 SVJM   512   9.92  67.33   429.  3  2 11    0 22.0  70.   5. 9999.9 9999.9  31.0  10.0
 SVJM   512   9.92  67.33   429.  3  2 11    0 23.0  70.   1. 9999.9 9999.9  31.0  10.0
 MRPV   512   9.95  84.15   994.  3  2 11    0 21.0 110.  17. 9999.9 9999.9  24.0   8.0
 MRPV   512   9.95  84.15   994.  3  2 11    0 22.0 100.  17. 9999.9 9999.9  24.0   9.0
 MRPV   512   9.95  84.15   994.  3  2 11    0 23.0 110.  17. 9999.9 9999.9  23.0   7.0
 MROC   512  10.00  84.22   931.  3  2 11    0 21.0 100.  20. 9999.9 9999.9  27.0  10.0
 MROC   512  10.00  84.22   931.  3  2 11    0 22.0 100.  15. 9999.9 9999.9  27.0  10.0
 MROC   512  10.00  84.22   931.  3  2 11    0 23.0 110.  21. 9999.9 9999.9  24.0   8.0
 MROC   512  10.00  84.22   931.  3  2 11    0  0.0 110.  17. 9999.9 9999.9  22.0   6.0
 MROC   512  10.00  84.22   931.  3  2 11    0  1.0 100.  17. 9999.9 9999.9  21.0   5.0
 MROC   512  10.00  84.22   931.  3  2 11    0  2.0 100.  18. 9999.9 9999.9  21.0   5.0
 MRLM   512  10.00  83.05     4.  3  2 11    0 21.0 220.   4. 9999.9 9999.9  25.0   2.0
 MRLM   512  10.00  83.05     4.  3  2 11    0 23.0 220.   3. 9999.9 9999.9  25.0   1.0
 MRLM   512  10.00  83.05     4.  3  2 11    0  0.0 240.   3. 9999.9 9999.9  24.0   1.0
 SVBM   512  10.07  69.32   614.  3  2 11    0 22.0 110.  10. 9999.9 9999.9  30.0  12.0
 SVBM   512  10.07  69.32   614.  3  2 11    0 23.0  90.  13. 9999.9 9999.9  29.0  10.0
 SVBM   512  10.07  69.32   614.  3  2 11    0  1.0  90.   8. 9999.9 9999.9  23.0   3.0
 SVBM   512  10.07  69.32   614.  3  2 11    0  2.0  90.   8. 9999.9 9999.9  22.0   2.0
 SVBC   512  10.12  64.68     7.  3  2 11    0 21.0 999. 999. 9999.9 9999.9  32.0  10.0
 SVBC   512  10.12  64.68     7.  3  2 11    0 22.0 999. 999. 9999.9 9999.9  31.0   9.0
 SVBC   512  10.12  64.68     7.  3  2 11    0 23.0 999. 999. 9999.9 9999.9  30.0   9.0
 SVBC   512  10.12  64.68     7.  3  2 11    0  0.0 999. 999. 9999.9 9999.9  30.0   8.0
 SVBC   512  10.12  64.68     7.  3  2 11    0  1.0 999. 999. 9999.9 9999.9  29.0   5.0
 SVBC   512  10.12  64.68     7.  3  2 11    0  2.0 999. 999. 9999.9 9999.9  29.0   5.0
 SVVA   512  10.17  67.93   431.  3  2 11    0 21.0  90.   3. 9999.9 9999.9  32.0  12.0
 SVVA   512  10.17  67.93   431.  3  2 11    0 22.0 160.   2. 9999.9 9999.9  30.0  11.0
 SVVA   512  10.17  67.93   431.  3  2 11    0 23.0 360.   6. 9999.9 9999.9  28.0   8.0
 SVVA   512  10.17  67.93   431.  3  2 11    0  0.0 360.   7. 9999.9 9999.9  27.0   6.0
 SVVA   512  10.17  67.93   431.  3  2 11    0  1.0 360.   6. 9999.9 9999.9  26.0   6.0
 SVBS   512  10.25  67.65   437.  3  2 11    0 22.0 180.   6. 9999.9 9999.9  31.0   9.0
 SVBS   512  10.25  67.65   437.  3  2 11    0 23.0 200.   4. 9999.9 9999.9  29.0   8.0
 SKCG   512  10.45  75.52     1.  3  2 11    0 21.0 360.  10. 9999.9 9999.9  29.0   4.0
 SKCG   512  10.45  75.52     1.  3  2 11    0 22.0 360.  12. 9999.9 9999.9  29.0   4.0
 SKCG   512  10.45  75.52     1.  3  2 11    0 23.0 360.  11. 9999.9 9999.9  28.0   4.0
 SKCG   512  10.45  75.52     1.  3  2 11    0  0.0  10.   9. 9999.9 9999.9  27.0   3.0
 SKCG   512  10.45  75.52     1.  3  2 11    0  1.0 360.  10. 9999.9 9999.9  27.0   3.0
 SKCG   512  10.45  75.52     1.  3  2 11    0  2.0  40.   8. 9999.9 9999.9  27.0   3.0
 SVPC   512  10.50  68.00     2.  3  2 11    0 21.0  20.  10. 9999.9 9999.9 999.9  99.9
 SVPC   512  10.50  68.00     2.  3  2 11    0 22.0  40.  10. 9999.9 9999.9 999.9  99.9
 SVMC   512  10.57  71.73    65.  3  2 11    0 21.0  80.   9. 9999.9 9999.9  32.0  11.0
 SVMC   512  10.57  71.73    65.  3  2 11    0 22.0  90.  12. 9999.9 9999.9  30.0   9.0
 SVMC   512  10.57  71.73    65.  3  2 11    0 23.0  90.  10. 9999.9 9999.9  28.0   7.0
 SVMC   512  10.57  71.73    65.  3  2 11    0  1.0  90.  10. 9999.9 9999.9  27.0   5.0
 SVMC   512  10.57  71.73    65.  3  2 11    0  2.0  90.  10. 9999.9 9999.9  26.0   4.0
 MRLB   512  10.60  85.55    93.  3  2 11    0 21.0  90.  11. 9999.9 9999.9  33.0  16.0
 MRLB   512  10.60  85.55    93.  3  2 11    0 22.0  90.  15. 9999.9 9999.9  32.0  14.0
 MRLB   512  10.60  85.55    93.  3  2 11    0 23.0  80.  16. 9999.9 9999.9  30.0  12.0
 MRLB   512  10.60  85.55    93.  3  2 11    0  0.0  80.  14. 9999.9 9999.9  30.0  13.0
 SVMI   512  10.60  66.98    48.  3  2 11    0 21.0  50.   1. 9999.9 9999.9  29.0   4.0
 SVMI   512  10.60  66.98    48.  3  2 11    0 22.0  70.   4. 9999.9 9999.9  28.0   3.0
 SVMI   512  10.60  66.98    48.  3  2 11    0 23.0  70.   1. 9999.9 9999.9  26.0   1.0
 SVMI   512  10.60  66.98    48.  3  2 11    0  1.0 360.   0. 9999.9 9999.9  26.0   0.0
 SVMI   512  10.60  66.98    48.  3  2 11    0  2.0 360.   0. 9999.9 9999.9  25.0   0.0
 TTPP   512  10.62  61.35    15.  3  2 11    0 21.0  80.  11. 9999.9 9999.9  29.0   9.0
 TTPP   512  10.62  61.35    15.  3  2 11    0 22.0  80.   7. 9999.9 9999.9  27.0   6.0
 TTPP   512  10.62  61.35    15.  3  2 11    0 23.0  70.   4. 9999.9 9999.9  26.0   4.0
 TTPP   512  10.62  61.35    15.  3  2 11    0  0.0  60.   4. 9999.9 9999.9  25.0   3.0
 TTPP   512  10.62  61.35    15.  3  2 11    0  1.0  60.   4. 9999.9 9999.9  25.0   3.0
 TTPP   512  10.62  61.35    15.  3  2 11    0  2.0  80.   3. 9999.9 9999.9  24.0   2.0
 SKBQ   512  10.90  74.77    10.  3  2 11    0 21.0  60.  14. 9999.9 9999.9  28.0   4.0
 SKBQ   512  10.90  74.77    10.  3  2 11    0 22.0  20.  20. 9999.9 9999.9  28.0   4.0
 SKBQ   512  10.90  74.77    10.  3  2 11    0 23.0  50.  21. 9999.9 9999.9  28.0   3.0
 
