1010,	23.4,	14.8
1008,	22,	12.88
1000,	21.6,	13.5
975,	19.6,	13.41
951,	19.8,	9.22
939,	19.2,	11
935,	19,  	11.67
925,	18.8,	11.05
910,	18.6,	8.31
886,	17.1,	7.68
876,	16.4,	7.42
862,	17.2,	1.96
858,	17.1,	2
850,	16.8,	2.08
836,	15.7,	2.08
781,	11.3,	2.08
744,	   //,	2.08
701,	  4.4,	2.08
700,	  4.4,	2.08
600,	-1.50,	0.06
523,	-10.9,	0.38
516,	-9.70,	0.03
500,	-11.3,	0.03
493,	-12.0,	0.05
472,	-14.1,	0.16
463,	-15.4,	0.15
423,	-21.2,	0.11
400,	-24.9,	0.09
397,	-25.4,	0.09
385,	-27.3,	0.08
356,	-32.3,	0.07
345,	-33.8,	0.05
307,	-39.4,	0.02
300,	-40.5,	0.02
288,	-42.5,	0.02
255,	-48.3,	0.01
250,	-48.7,	0.01
231,	-51.5,	0.01
226,	-52.3,	0.01
200,	-53.5,	0
183,	-55.9,  //
174,	  // ,	0
150,	-58.3,	0
139,	-59.3,	0
129,	-61.5,	0
104,	-67.7,	0
100,	-67.9,	0
96.4,	-66.7,	0
88,	-68.5,	0
84.4,	-69.3,	0
84,	-69.2,	0
79,	-68.1,	0
76,	-67.2,	0
74,	-66.7,	0
72,	-67.5,	0
70,	-68.3,	0
64,	-69.6,	0
//, 	-70.5,	0
59,	-68.6,	0
57,	-65.9,	0
55,	-65.5,	0
51.2,	-64.7,	0
51,	-64.7,	0
50,	-64.9,	0
49,	-64.5,	0
43,	-61.9,	0
42,	-61.4,	0
41,	-60.9,	0
40,	-60.4,	0
36,	-58.3,	0
34,	-57.2,	0
