0.3342282 0.4326209 0.4391064 1.196152 -1.468325
-1.022345 -0.2206367 -1.614526 -1.126251 0.6428993
1.324031 0.8222506 -0.7054906 -1.211328 -1.689805
-0.3019674 -1.346756 -0.3382263 -0.1783033 0.273468
1.709505 -1.007858 0.5415154 0.1146396 0.7156208
1.180718 -1.686708 0.8432631 0.2365711 0.9950855
0.04355712 0.04278497 2.056943 -1.48308 -1.18242
-0.620132 1.93795 -0.8663674 0.9430461 -1.283309
1.067358 0.9820097 1.471577 0.3935895 0.06672344
1.355577 0.1314942 -0.2304817 -0.02932578 -1.556117
0.08233076 -1.262455 0.7671033 -1.009721 -0.08122724
-0.08166542 0.02395084 1.409487 0.334692 -1.346553
-0.5344664 0.6744181 0.4191614 0.4242604 0.8939527
0.2682788 1.236913 0.01684335 0.2346559 1.068359
0.4550689 -0.06338469 -0.6980043 0.0001912935 1.811219
-0.05183966 1.930365 0.08491569 -0.2622226 0.7891694
-0.1722218 -0.4827298 -0.3886932 -1.06953 -0.2220365
-0.5958016 -1.121422 1.184671 -0.7681917 1.989371
0.1914616 -0.05934908 1.305407 0.6360153 -1.635924
-0.2006259 -1.264267 -1.046371 1.212244 1.793992
