1.90  1.30  1.30  2.40 10.50 39.30 16.70 10.80  4.60  3.10  2.60  1.80
1.40  1.30  3.30  3.60  6.00  6.40 11.80  6.80  4.20  3.10  2.60  2.10
1.90  1.70  1.80  6.40 12.50 19.00 26.50  9.80  4.80  3.10  2.20  2.10
1.70  1.50  2.20  2.60 14.70 38.80 24.80  9.70  4.90  3.10  2.30  1.90
1.70  1.70  1.60  2.80  8.20 23.30 12.80  9.10  4.70  3.20  2.20  1.80
1.70  1.50  1.60  4.00 40.10 17.20 25.90  9.30  5.20  3.20  2.60  2.40
2.40  1.80  1.80  2.70 14.00 23.00 22.40 14.30  7.10  3.60  2.50  2.00
1.70  1.60  2.10  3.40 25.90 19.30 14.90  7.90  3.70  2.50  2.10  1.70
1.20  1.30  2.90  9.50 33.00 21.70 31.40 12.80  6.20  4.00  3.10  2.60
1.60  1.60  2.90 13.00 21.80 16.50 25.60 14.70  4.90  3.80  2.80  2.20

