RÍO: CANDELARIA                                       SISTEMA: Río Paraguay                               LATITUD:       23 54 00
LUGAR: ARRAYANAL  (Cód.0004)                                                                              LONGITUD:      65 02 00
PROVINCIA:  Jujuy                                                                                         ALTITUD (msnm):     680
CUENCA: Río San Francisco                                                                                 AREA (km2):         370
----------------------------------------------------------------------------------------------------------------------------------
                                                                                                    ESCURR.  C A U D A L E S  m3/s
         C A U D A L E S  M E D I O S  M E N S U A L E S   m3/s                   DERRAME  CAUDAL   SOBRE    ---------------------
                                                                                   ANUAL   ESPEC.     LA     MÁXIMO  MÍNIMO  MEDIO
--------------------------------------------------------------------------------                    CUENCA   MEDIO   MEDIO
AÑO     SET   OCT   NOV   DIC   ENE   FEB   MAR   ABR   MAY   JUN   JUL   AGO       hm3    l/s/km2    mm     DIARIO  DIARIO  ANUAL
----------------------------------------------------------------------------------------------------------------------------------
67-68   1.30  1.70  4.00  7.60  7.90 23.30  6.70  5.40  3.20  2.50  2.00  1.60     174.8    14.94    472.5     65.0    1.20   5.53
68-69   1.50  2.40  3.50  5.30  6.40 12.20  8.80  4.50  3.20  2.50  2.50  1.60     141.5    12.13    382.4     27.0    1.40   4.49
69-70   1.50  1.60  1.90  4.80 11.30  9.30  9.60  6.90  3.70  4.60  3.70  2.60     161.0    13.80    435.2     34.0    1.30   5.11
70-71   1.90  1.30  1.30  2.40 10.50 39.30 16.70 10.80  4.60  3.10  2.60  1.80     246.3    21.11    665.6     83.0    1.00   7.81
71-72   1.40  1.30  3.30  3.60  6.00  6.40 11.80  6.80  4.20  3.10  2.60  2.10     138.5    11.84    374.4     24.0    1.20   4.38
72-73   1.90  1.70  1.80  6.40 12.50 19.00 26.50  9.80  4.80  3.10  2.20  2.10     239.5    20.53    647.3    159.0    1.60   7.60
73-74   1.70  1.50  2.20  2.60 14.70 38.80 24.80  9.70  4.90  3.10  2.30  1.90     278.3    23.85    752.2    155.0    1.50   8.82
74-75   1.70  1.70  1.60  2.80  8.20 23.30 12.80  9.10  4.70  3.20  2.20  1.80     188.4    16.15    509.2    110.0    1.40   5.97
75-76   1.70  1.50  1.60  4.00 40.10 17.20 25.90  9.30  5.20  3.20  2.60  2.40     302.9    25.89    818.6     91.0    1.40   9.58
76-77   2.40  1.80  1.80  2.70 14.00 23.00 22.40 14.30  7.10  3.60  2.50  2.00     253.5    21.73    685.2    119.0    1.60   8.04
77-78   1.70  1.60  2.10  3.40 25.90 19.30 14.90  7.90  3.70  2.50  2.10  1.70     226.3    19.39    611.5     77.0    1.10   7.17
78-79   1.20  1.30  2.90  9.50 33.00 21.70 31.40 12.80  6.20  4.00  3.10  2.60     340.0    29.14    918.8    232.0    1.20  10.78
79-80   1.60  1.60  2.90 13.00 21.80 16.50 25.60 14.70  4.90  3.80  2.80  2.20     293.5    25.09    793.3    109.0    1.30   9.28
80-81   2.10  1.70  1.90  2.20 18.90 68.70 27.70 19.80  7.80  3.90  3.10  2.60     409.4    35.09     1107    370.0    1.50  12.98
81-82   2.40  2.00  2.50  5.40 28.70 32.60 38.50 32.80  9.80  5.20  3.20  2.00     430.0    36.86     1162     99.0    1.80  13.64
82-83   1.80  1.80  2.90 17.40 20.50 14.70 10.80 10.10  6.00  4.30  3.00  2.80     251.9    21.59    680.9    174.0    1.60   7.99
83-84   2.10  1.80  2.80  5.10 27.40 39.00 37.20 16.80  9.80  5.10  3.80  3.40     404.2    34.55     1092     92.0    1.50  12.78
84-85   2.80  2.90  5.40 16.90 18.40 44.30 26.90 18.90  8.80  3.90  3.00  2.80     401.0    34.37     1084     66.0    2.30  12.72
85-86   2.70  2.40  9.50  7.80 21.90 21.10 12.90  7.00  3.40  2.50  2.30  2.20     249.0    21.34    672.9     74.0    1.90   7.90
86-87   1.95  2.62  2.42 12.45 45.74 10.62  6.46  5.62  4.27  2.57  2.03  1.79     260.1    22.29    703.0    210.0    1.60   8.25
87-88   1.64  1.38  7.47  8.77 23.68 15.35 14.28  8.77  5.41  3.15  2.47  2.09     248.6    21.24    671.8     54.6    1.30   7.86
88-89   1.75  1.61  1.34  3.73  7.97  7.39 13.73 12.32  5.78  3.96  3.06  2.54     171.0    14.66    462.3     64.4    1.25   5.42
89-90   2.24  2.21  2.04  4.16 13.52 21.26 13.48  5.65  3.78  3.31  2.82  2.06     198.3    16.99    535.9     47.5    1.92   6.29
90-91   1.97  1.94  3.24 12.74 28.46 24.31 36.62 12.17  6.71  4.70  4.01  3.32     367.3    31.48    992.6     85.1    1.72  11.65
----------------------------------------------------------------------------------------------------------------------------------
PROM    1.87  1.81  3.02  6.86 19.48 23.69 19.85 11.33  5.50  3.54  2.75  2.25     265.6    22.75    717.9    109.0    1.48   8.42
MÁX     2.80  2.90  9.50 17.40 45.74 68.70 38.50 32.80  9.80  5.20  4.01  3.40     430.0    36.86     1162    370.0    2.30  13.64
MÍN     1.20  1.30  1.30  2.20  6.00  6.40  6.46  4.50  3.20  2.50  2.00  1.60     138.5    11.84    374.4     24.0    1.00   4.38
----------------------------------------------------------------------------------------------------------------------------------
                        DURACIÓN DE CAUDALES MEDIOS MENSUALES - PERÍODO 1967-68/1990-91  **  24  AÑOS  **
----------------------------------------------------------------------------------------------------------------------------------
                Máximo     5     10     20     25     30     40     50     60     70     75     80     90     95   Mínimo
----------------------------------------------------------------------------------------------------------------------------------
CAUDALES m3/s:   68.70  28.61  22.58  13.50  10.80   8.80   5.45   3.85   3.09   2.50   2.28   2.09   1.70   1.60   1.20
% DEL MODULO:    816.1  339.9  268.2  160.4  128.3  104.5  64.80  45.74  36.73  29.70  27.13  24.85  20.20  19.01  14.26
----------------------------------------------------------------------------------------------------------------------------------

