 0.3342282238  1.3240306968  1.7095046166  0.0435571248  1.0673577356  0.0823307563 -0.5344663590  0.4550689485 -0.1722218434  0.1914616303
 0.4326208665  0.8222505633 -1.0078577165  0.0427849705  0.9820097063 -1.2624546225  0.6744181260 -0.0633846876 -0.4827297654 -0.0593490838
 0.4391063898 -0.7054905879  0.5415154140  2.0569434785  1.4715769535  0.7671033432  0.4191614284 -0.6980043472 -0.3886932467  1.3054070587
 1.1961517686 -1.2113277802  0.1146395768 -1.4830801350  0.3935894750 -1.0097213373  0.4242604426  0.0001912935 -1.0695295568  0.6360152964
-1.4683251819 -1.6898045967  0.7156207716 -1.1824197720  0.0667234447 -0.0812272397  0.8939526912  1.8112193801 -0.2220364899 -1.6359238369
-1.0223450344 -0.3019673634  1.1807180645 -0.6201319647  1.3555771150 -0.0816654194  0.2682788002 -0.0518396572 -0.5958015740 -0.2006259320
-0.2206366972 -1.3467559512 -1.6867084234  1.9379498476  0.1314942116  0.0239508364  1.2369134023  1.9303653160 -1.1214215025 -1.2642672715
-1.6145261741 -0.3382262976  0.8432631497 -0.8663673719 -0.2304816877  1.4094873807  0.0168433527  0.0849156851  1.1846707937 -1.0463713541
-1.1262514288 -0.1783032988  0.2365711269  0.9430461395 -0.0293257791  0.3346920315  0.2346559172 -0.2622226482 -0.7681917479  1.2122444640
 0.6428992574  0.2734679504  0.9950855171 -1.2833092313 -1.5561167019 -1.3465528990  1.0683590168  0.7891694246  1.9893706322  1.7939915412
0.3342282 0.4326209 0.4391064 1.196152 -1.468325
-1.022345 -0.2206367 -1.614526 -1.126251 0.6428993
1.324031 0.8222506 -0.7054906 -1.211328 -1.689805
-0.3019674 -1.346756 -0.3382263 -0.1783033 0.273468
1.709505 -1.007858 0.5415154 0.1146396 0.7156208
1.180718 -1.686708 0.8432631 0.2365711 0.9950855
0.04355712 0.04278497 2.056943 -1.48308 -1.18242
-0.620132 1.93795 -0.8663674 0.9430461 -1.283309
1.067358 0.9820097 1.471577 0.3935895 0.06672344
1.355577 0.1314942 -0.2304817 -0.02932578 -1.556117
0.08233076 -1.262455 0.7671033 -1.009721 -0.08122724
-0.08166542 0.02395084 1.409487 0.334692 -1.346553
-0.5344664 0.6744181 0.4191614 0.4242604 0.8939527
0.2682788 1.236913 0.01684335 0.2346559 1.068359
0.4550689 -0.06338469 -0.6980043 0.0001912935 1.811219
-0.05183966 1.930365 0.08491569 -0.2622226 0.7891694
-0.1722218 -0.4827298 -0.3886932 -1.06953 -0.2220365
-0.5958016 -1.121422 1.184671 -0.7681917 1.989371
0.1914616 -0.05934908 1.305407 0.6360153 -1.635924
-0.2006259 -1.264267 -1.046371 1.212244 1.793992
"V1" "V2" "V3" "V4" "V5" "V6" "V7" "V8" "V9" "V10"
"1" 0.334228223815902 1.3240306968231 1.70950461664176 0.0435571248306813 1.06735773563579 0.082330756305638 -0.534466358988431 0.455068948472963 -0.172221843357094 0.191461630289077
"2" 0.432620866506592 0.822250563334859 -1.00785771647049 0.0427849704556785 0.982009706344505 -1.26245462249292 0.674418125980822 -0.0633846876394098 -0.482729765378165 -0.0593490838190645
"3" 0.43910638977122 -0.705490587907247 0.541515414016713 2.0569434785031 1.47157695352257 0.767103343152619 0.419161428367984 -0.698004347204067 -0.388693246723688 1.30540705871789
"4" 1.19615176862672 -1.21132778016933 0.114639576829027 -1.48308013502702 0.393589474963801 -1.00972133732107 0.424260442614899 0.000191293488882856 -1.06952955676143 0.636015296352206
"5" -1.46832518189745 -1.68980459665609 0.715620771648956 -1.18241977201856 0.0667234446563085 -0.0812272396631591 0.893952691170917 1.81121938013919 -0.222036489942959 -1.63592383688531
"6" -1.02234503437855 -0.301967363445697 1.18071806447649 -0.620131964683902 1.35557711499332 -0.081665419417282 0.268278800202546 -0.0518396572466243 -0.595801573994627 -0.200625931952253
"7" -0.220636697214404 -1.34675595122503 -1.68670842341933 1.93794984763988 0.131494211649666 0.0239508364113949 1.23691340226344 1.9303653160496 -1.12142150249086 -1.26426727151957
"8" -1.61452617411011 -0.338226297588168 0.843263149674667 -0.866367371850462 -0.230481687722123 1.40948738069053 0.0168433526702864 0.0849156851002054 1.18467079372478 -1.0463713540992
"9" -1.1262514288146 -0.178303298758466 0.236571126875077 0.94304613945013 -0.029325779100598 0.334692031472897 0.234655917192993 -0.262222648191361 -0.768191747852802 1.21224446400691
"10" 0.642899257428426 0.273467950402116 0.995085517084622 -1.28330923128373 -1.55611670191323 -1.34655289897647 1.06835901682224 0.789169424622706 1.98937063224131 1.79399154119875
